data-tables/edge_califa.csv
# %ECSV 1.0,,,,,,,,,,,,,,,,,,,,,,,,,,,,,,,,,,,,,,,,,
# ---,,,,,,,,,,,,,,,,,,,,,,,,,,,,,,,,,,,,,,,,,
# datatype:,,,,,,,,,,,,,,,,,,,,,,,,,,,,,,,,,,,,,,,,,
# - {name: ID, datatype: int64, description: CALIFA ID},,,,,,,,,,,,,,,,,,,,,,,,,,,,,,,,,,,,,,,
# - {name: Name, datatype: string, description: CALIFA Name},,,,,,,,,,,,,,,,,,,,,,,,,,,,,,,,,,,,,,,
# - {name: caSu, unit: mag, datatype: float64, description: SDSS u magnitude from col 4 in get_mag_cubes_v2.2.csv. From CALIFA synthetic,,,,,,,,,,,,,,,,,,,,,,,,,,,,,,,,,,,,,,
#     photometry corrected for foreground extinction},,,,,,,,,,,,,,,,,,,,,,,,,,,,,,,,,,,,,,,,,
# - {name: caSg, unit: mag, datatype: float64, description: SDSS g magnitude from col 8 in get_mag_cubes_v2.2.csv. From CALIFA synthetic,,,,,,,,,,,,,,,,,,,,,,,,,,,,,,,,,,,,,,
#     photometry corrected for foreground extinction},,,,,,,,,,,,,,,,,,,,,,,,,,,,,,,,,,,,,,,,,
# - {name: caSr, unit: mag, datatype: float64, description: SDSS r magnitude from col 12 in get_mag_cubes_v2.2.csv. From CALIFA synthetic,,,,,,,,,,,,,,,,,,,,,,,,,,,,,,,,,,,,,,
#     photometry corrected for foreground extinction},,,,,,,,,,,,,,,,,,,,,,,,,,,,,,,,,,,,,,,,,
# - {name: caSi, unit: mag, datatype: float64, description: SDSS i magnitude from col 16 in get_mag_cubes_v2.2.csv. From CALIFA synthetic,,,,,,,,,,,,,,,,,,,,,,,,,,,,,,,,,,,,,,
#     photometry corrected for foreground extinction},,,,,,,,,,,,,,,,,,,,,,,,,,,,,,,,,,,,,,,,,
# - {name: caB, unit: mag, datatype: float64, description: B magnitude from col 20 in get_mag_cubes_v2.2.csv. From CALIFA synthetic photometry,,,,,,,,,,,,,,,,,,,,,,,,,,,,,,,,,,,,,,
#     corrected for foreground extinction},,,,,,,,,,,,,,,,,,,,,,,,,,,,,,,,,,,,,,,,,
# - {name: caV, unit: mag, datatype: float64, description: V magnitude from col 24 in get_mag_cubes_v2.2.csv. From CALIFA synthetic photometry,,,,,,,,,,,,,,,,,,,,,,,,,,,,,,,,,,,,,,
#     corrected for foreground extinction},,,,,,,,,,,,,,,,,,,,,,,,,,,,,,,,,,,,,,,,,
# - {name: caR, unit: mag, datatype: float64, description: R magnitude from col 28 in get_mag_cubes_v2.2.csv. From CALIFA synthetic photometry,,,,,,,,,,,,,,,,,,,,,,,,,,,,,,,,,,,,,,
#     corrected for foreground extinction},,,,,,,,,,,,,,,,,,,,,,,,,,,,,,,,,,,,,,,,,
# - {name: caRe, unit: arcsec, datatype: float64, description: Equivalent radius Re from col 34 in get_mag_cubes_v2.2.csv},,,,,,,,,,,,,,,,,,,,,,,,,,,,,,,,,,,,,,
# - {name: caeRe, unit: arcsec, datatype: float64, description: Error in equivalent radius from col 35 in get_mag_cubes_v2.2.csv},,,,,,,,,,,,,,,,,,,,,,,,,,,,,,,,,,,,,,
# - {name: caEllipticity, datatype: float64, description: Ellipticity sqrt(1-b^2/a^2) from col 38 in get_mag_cubes_v2.2.csv},,,,,,,,,,,,,,,,,,,,,,,,,,,,,,,,,,,,,,,
# - {name: caPA, unit: deg, datatype: float64, description: PA from col 39 in get_mag_cubes_v2.2.csv},,,,,,,,,,,,,,,,,,,,,,,,,,,,,,,,,,,,,,
# - {name: caR50, unit: arcsec, datatype: float64, description: R50 from col 40 in get_mag_cubes_v2.2.csv},,,,,,,,,,,,,,,,,,,,,,,,,,,,,,,,,,,,,,
# - {name: caeR50, unit: arcsec, datatype: float64, description: Error in R50 from col 41 in get_mag_cubes_v2.2.csv},,,,,,,,,,,,,,,,,,,,,,,,,,,,,,,,,,,,,,
# - {name: caR90, unit: arcsec, datatype: float64, description: R90 from col 42 in get_mag_cubes_v2.2.csv},,,,,,,,,,,,,,,,,,,,,,,,,,,,,,,,,,,,,,
[...]
# - {name: caFlgWav5, datatype: float64, description: Flag (-1/0/1/2=NA/good/minor/bad) for wavelength calibration V500},,,,,,,,,,,,,,,,,,,,,,,,,,,,,,,,,,,,,,,
# - {name: caFlgWav12, datatype: float64, description: Flag (-1/0/1/2=NA/good/minor/bad) for wavelength calibration V1200},,,,,,,,,,,,,,,,,,,,,,,,,,,,,,,,,,,,,,,
# - {name: caFlgReg5, datatype: float64, description: Flag (-1/0/1/2=NA/good/minor/bad) for 2D registration rel to SDSS V500},,,,,,,,,,,,,,,,,,,,,,,,,,,,,,,,,,,,,,,
# - {name: caFlgReg12, datatype: float64, description: Flag (-1/0/1/2=NA/good/minor/bad) for 2D registration rel to SDSS V1200},,,,,,,,,,,,,,,,,,,,,,,,,,,,,,,,,,,,,,,
# - {name: caFlgImg5, datatype: float64, description: Flag (-1/0/1/2=NA/good/minor/bad) for reconstructed image quality V500},,,,,,,,,,,,,,,,,,,,,,,,,,,,,,,,,,,,,,,
# - {name: caFlgImg12, datatype: float64, description: Flag (-1/0/1/2=NA/good/minor/bad) for reconstructed image quality V1200},,,,,,,,,,,,,,,,,,,,,,,,,,,,,,,,,,,,,,,
# delimiter: ',',,,,,,,,,,,,,,,,,,,,,,,,,,,,,,,,,,,,,,,,
# meta: !!omap,,,,,,,,,,,,,,,,,,,,,,,,,,,,,,,,,,,,,,,,,
# - {date: '2023-12-25'},,,,,,,,,,,,,,,,,,,,,,,,,,,,,,,,,,,,,,,,,
# - {comments: Galaxy properties determined from CALIFA},,,,,,,,,,,,,,,,,,,,,,,,,,,,,,,,,,,,,,,,,
# schema: astropy-2.0,,,,,,,,,,,,,,,,,,,,,,,,,,,,,,,,,,,,,,,,,
ID,Name,caSu,caSg,caSr,caSi,caB,caV,caR,caRe,caeRe,caEllipticity,caPA,caR50,caeR50,caR90,caeR90,cazgas,cazstars,caAge,caeAge,caFHa,caFHacorr,caLHacorr,caMstars,caeMstars,caSFR,caeSFR,caOH,caeOH,caAvgas,caeAvgas,caAvstars,caeAvstars,caDistP3d,caDistMpc,caFlgWav5,caFlgWav12,caFlgReg5,caFlgReg12,caFlgImg5,caFlgImg12
[from data line 77]
78,NGC0833,15.15952174,13.48207112,12.78912372,12.47038354,13.81336396,13.10250718,12.72323609,12.98244305,12.98244305,0.880388741,-16.43392222,14.03181364,0.59763865,37.04398802,0.459221697,0.012529902,0.012698466,9.349092579,0.379527539,3.051792116,3.551225237,41.09727311,10.86769356,0.099071844,0.000363097,0.054736334,nan,nan,nan,nan,0.053026378,0.492486991,54.20857005,54.19650268,0,0,0,1,1,1
80,NGC0842,14.91709944,13.35149758,12.72031663,12.42594894,13.65602816,13.0058622,12.66136182,11.65737993,11.65737993,0.749892715,61.43269739,12.26277383,0.068458134,36.78832149,0.033188781,0.012719534,0.012809021,9.290511692,0.511786674,2.312427648,2.312427648,39.8620359,10.84704056,0.093863855,-1.23487411,0.057952672,nan,nan,nan,nan,0.089797502,0.586349681,54.43122927,55.02490542,0,0,1,1,0,0
81,UGC01659,15.92264441,14.77663856,14.22650152,13.94631477,15.00086248,14.48838773,14.16784029,22.60503325,22.60503325,0.925950035,-47.97822972,20.62375599,0.741361249,41.24751197,0.446915157,0.02746725,0.027323978,9.026150829,0.243470673,3.140109743,3.367728047,41.59036796,10.9506645,0.096550941,0.493457943,0.060283874,8.466273964,0.092870911,0.93254062,0.138492616,0.275353958,0.734555492,118.1310242,120.1894828,0,0,0,-1,1,1
82,KUG0210-078,12.42874453,11.67178462,11.3237786,11.3196828,11.97932515,11.39646717,11.33711432,24.68268463,24.68268463,0.518291425,7.325657776,11.29744627,2.612647641,38.97618965,0.335903386,0.01208593,0.011942406,8.983057899,0.737146098,3.161579291,3.161579291,40.6595976,11.43130106,0.104919745,-0.437312413,0.063559901,nan,nan,nan,nan,0.887560186,2.135534891,51.29241762,52.25797771,2,0,-1,1,2,0
83,UGC01749,16.28156141,14.93962009,14.2353001,13.900745,15.24336789,14.55831893,14.16129417,12.11659792,12.11659792,0.848809894,47.05829599,13.93497026,0.377553064,36.78832149,0.068005649,0.026872042,0.026915746,9.107049303,0.494980645,2.553713448,2.849726609,41.05640107,11.01205847,0.086173202,-0.040508943,0.059304582,8.503467026,0.083373334,nan,nan,0.349162346,0.597377307,115.9795036,117.5313292,0,0,0,-1,0,1
84,NGC0873,14.02523014,13.25088668,12.82792125,12.63600082,13.38342277,13.07043446,12.79095707,20.11437421,20.11437421,0.466962887,61.4955641,20.06635718,0.708923118,38.46051792,0.387064169,0.013338015,0.013368248,8.530492847,0.348068561,4.028721624,4.394555119,41.98331381,10.70513579,0.083325983,0.886403794,0.059673907,8.55074707,0.054579084,0.91004996,0.098762587,0.192220081,0.637144523,56.94077306,57.72840498,0,0,1,1,0,0
85,NGC0924,14.64798686,13.22478314,12.63300763,12.33368784,13.50438003,12.89471426,12.57570865,12.2338861,12.2338861,0.786001867,-38.85007017,14.12180784,1.232183465,38.97618965,0.663602386,0.014620207,0.014773314,9.086511164,0.505641439,2.745298871,2.745298871,40.42315581,10.9549528,0.092374663,-0.673754205,0.057883946,nan,nan,nan,nan,0.056725041,0.3550032,63.09173692,63.34132685,0,-1,-1,-1,0,2
86,UGC01918,15.66793087,14.3117153,13.62631772,13.31425651,14.57854508,13.95396867,13.55895402,15.43357359,15.43357359,0.853186778,42.41570665,17.39944892,0.333233258,42.65671348,0.126874164,0.016905506,0.01690589,9.088448252,0.520306537,3.108749064,3.751213337,41.54718485,10.9722961,0.095118397,0.450274841,0.061701792,nan,nan,1.988054738,0.121507443,0.673851928,1.343610171,72.28193549,73.37289147,0,0,1,-1,0,0
87,NGC0932,15.08705614,13.32314247,12.63553243,12.3047354,13.65060802,12.94162404,12.56684066,13.49959043,13.49959043,0.270263452,-10.13718826,18.07591404,0.293564775,44.62491278,0.938598862,0.013469931,0.013571239,9.577970713,0.240048158,3.015960539,3.038650878,40.63919664,11.06271598,0.087025203,-0.457713375,0.05955622,nan,nan,nan,nan,0.15322871,1.087084979,57.71874708,58.30536692,0,0,-1,0,0,0
88,UGC01938,15.74605343,14.75145879,14.19708528,13.92311574,14.96382324,14.46239292,14.14289399,14.73990005,14.73990005,0.958953287,64.53256278,15.71563128,0.715635138,36.48271547,0.008275063,0.021289035,0.020965661,8.611844038,0.457055044,3.198054717,3.522128098,41.50882762,10.6882434,0.100848569,0.411917605,0.05791722,8.417118316,0.086097845,1.426044026,0.094882632,0.272165878,0.705574262,90.03135261,92.71302187,0,0,0,1,0,0
89,NGC0941,14.81997732,14.03272586,13.66297291,13.49402607,14.17267605,13.86069361,13.63381799,26.66061711,26.66061711,0.570775116,56.00867284,25.81853711,1.340576233,45.46307621,0.734601567,0.005323047,0.005230281,8.66687412,0.265265972,3.770706254,3.820108923,40.59794118,9.572878565,0.104354487,-0.498968837,0.059359884,8.435260314,0.072923932,0.326975588,0.119950517,0.100778332,0.634178015,22.38515685,22.8938888,0,0,0,0,0,0
90,NGC0938,14.95721462,13.33375854,12.68153335,12.37233464,13.64209762,12.96914716,12.61976238,11.92899018,11.92899018,0.62596294,0.167144176,13.4705411,1.065299767,38.72780566,0.67977926,0.013259164,0.013453831,9.488598633,0.260314352,2.419193993,2.419193993,40.01537847,11.00001088,0.091098293,-1.081531543,0.059057283,nan,nan,nan,nan,0.156945534,0.972242702,57.42966111,57.38358691,0,0,0,-1,0,0
91,NGC0955,14.44770471,12.82640121,12.17006165,11.82989564,13.12714471,12.46261776,12.09977087,13.45217737,13.45217737,0.967105467,-71.48861677,15.81642478,3.680616731,39.54106196,0.491702224,0.004840563,0.004881831,9.280006697,0.369626319,3.063550537,3.264095085,39.96934008,10.16867655,0.100281403,-1.127569928,0.058444463,nan,nan,nan,nan,0.195442632,0.572172401,20.59048208,20.81082306,0,0,-1,-1,0,0
92,NGC0962,14.94313728,13.29091586,12.65829593,12.37524666,13.60060329,12.92918713,12.60519828,12.43243471,12.43243471,0.871950047,75.66380516,14.5866093,0.490269325,40.39368728,0.579609113,0.015216635,0.015273847,9.399931762,0.351865075,1.951974632,1.951974632,39.6591997,11.20355164,0.085798563,-1.437710315,0.059698647,nan,nan,nan,nan,0.294477649,0.939964366,65.26142434,65.95602138,0,0,1,-1,0,0
93,UGC02018,15.59234032,14.05822192,13.44565021,13.1431125,14.35777679,13.70761511,13.38813073,12.11507359,12.11507359,0.695979173,-9.417558315,12.90926855,1.049901615,34.79889784,0.117722548,0.020517785,0.02046846,9.399864279,0.322245645,1.673096723,1.673096723,39.63824766,10.96013914,0.109444106,-1.458662354,0.058613743,nan,nan,nan,nan,0.077415225,0.434702059,87.82526793,89.30092966,0,0,0,1,0,0
94,NGC0976,13.94136701,12.9954754,12.38545826,12.08848199,13.22479229,12.63787248,12.33138196,14.46848518,14.46848518,0.612595102,82.02419673,15.81642478,0.691597278,38.97618965,0.193191038,0.01417822,0.013886154,8.505154533,0.568725787,3.752865489,4.167218647,41.68966322,10.93187694,0.089897998,0.592753211,0.062902186,8.501922398,0.097584215,1.62336318,0.268313661,0.339263413,1.101631555,59.21219254,61.40523357,0,-1,-1,1,0,0
95,NGC0991,15.28441287,14.27871695,13.83817764,13.57557369,14.46545472,14.0405867,13.78972531,29.72015214,29.72015214,0.271935084,-21.15953242,31.7717322,1.885249377,51.28069056,0.235239248,0.004988128,0.004945986,8.781227834,0.265794444,3.610723788,3.610723788,40.33633359,9.41787598,0.080882766,-0.760576425,0.058334368,8.470039742,0.075131924,0.171503627,0.099879469,0.156409433,1.726445827,21.07894716,21.44774828,0,0,1,1,1,0
96,UGC02099,15.65818026,14.27554769,13.61756406,13.3171381,14.5760353,13.88996352,13.55898411,12.58189945,12.58189945,0.845802991,47.97993035,15.04976788,0.335238068,39.01791673,0.245363557,0.0273276,0.027314205,9.230538193,0.335795674,2.457601057,2.457601057,40.67742295,11.24681157,0.098550869,-0.419487068,0.061058382,nan,nan,nan,nan,0.343191298,0.823608492,117.748385,119.5656062,1,0,1,0,0,0
97,UGC02134,15.20028567,14.00435002,13.39378149,13.10557347,14.2537018,13.67043648,13.33667238,18.51225384,18.51225384,0.919784039,20.71035521,21.88962928,0.45199041,43.21798602,0.753264009,0.015216208,0.015143845,9.035885806,0.322136996,3.469021742,3.786100121,41.48788834,10.88176897,0.098006888,0.390978323,0.060702301,8.53674147,0.082961004,0.989676572,0.179035812,0.395495034,0.816970088,64.85420239,65.95414924,1,0,0,0,0,0
98,NGC1026,15.06159846,13.41877671,12.75774792,12.45617529,13.73849713,13.04136371,12.69992163,13.52840668,13.52840668,0.418404021,16.8409625,16.83817637,1.522914114,41.53416839,0.460763135,0.013843771,0.013857973,9.558384383,0.192651423,1.511450264,1.511450264,39.13342527,10.95852768,0.097337199,-1.963484744,0.058326097,nan,nan,nan,nan,0.051446974,0.709009795,59.16045667,59.94107822,0,0,1,0,0,0
99,NGC1041,15.38421097,13.84761468,13.25771612,12.98387441,14.14017074,13.50890704,13.20615725,12.92230258,12.92230258,0.651192807,-39.47646589,15.15435874,0.788422976,41.53416839,0.518862739,0.023476332,0.023539071,9.394557641,0.207654324,1.62695695,1.62695695,39.71554172,11.15052606,0.095563484,-1.381368288,0.057427034,nan,nan,nan,nan,0.045113016,0.636925885,101.2363322,102.4114916,0,0,1,1,0,1
100,NGC1056,14.220776,13.09658726,12.43259448,12.10160907,13.34933191,12.76686777,12.35555836,12.74661607,12.74661607,0.83621124,62.77207813,14.59308619,1.477217708,39.85035075,0.392408454,0.005191336,0.005137997,9.010351223,0.350619792,3.961218184,4.490540887,41.24913647,10.3060942,0.087616401,0.152226461,0.061381566,8.43294419,0.059000213,1.690013614,0.126430411,0.528252784,1.623983674,21.89484165,22.32508582,0,0,1,0,0,1
101,NGC1060,14.5341574,12.75446815,12.05522221,11.71813686,13.08804345,12.37032871,11.98412378,14.4795637,14.4795637,0.601643423,-13.40207395,18.07591404,3.085851188,42.93029584,0.87000426,0.017033026,0.01715057,9.722493507,0.207542456,2.365488739,2.365488739,40.17466863,11.5490324,0.092352934,-0.922241387,0.05620692,nan,nan,nan,nan,0.032238514,0.564131198,73.38950502,73.93368805,0,0,-1,1,0,0
102,NGC1070,14.4445459,13.01415714,12.37537754,12.07697103,13.29529531,12.66280229,12.31605485,16.56130287,16.56130287,0.568944073,-84.44713604,19.50895837,1.556505166,44.03450603,1.668137862,0.013536771,0.013514949,9.310019372,0.215001873,3.583332161,3.903684545,41.50394925,11.12485799,0.079507682,0.407039232,0.056998163,8.561967147,0.075571282,1.064457307,0.120753107,0.10748389,0.752896296,57.70007333,58.59775031,0,0,0,0,0,0
103,UGC02222,15.44533908,13.78749944,13.15252073,12.86050175,14.09960983,13.42830418,13.09630705,11.00248363,11.00248363,0.817558758,0.703496971,10.16770165,1.397568759,34.45721114,0.12423208,0.016353324,0.016380451,9.135509835,0.457425321,1.893933303,1.893933303,39.66269026,11.04203159,0.095179284,-1.434219756,0.059109322,nan,nan,nan,nan,0.479057295,1.132437417,70.05231501,70.94581058,0,0,-1,-1,1,0
104,UGC02229,15.94548232,14.38877399,13.6981395,13.36755438,14.71250044,14.00415605,13.62800865,12.99307107,12.99307107,0.801186303,81.81828997,14.03181364,0.565355223,38.72780566,0.061895184,0.024201564,0.024349462,9.441600893,0.35695251,2.288062266,2.581602879,40.70023493,11.14214193,0.088752624,-0.396675086,0.058496235,nan,nan,1.140620521,0.190855382,0.162925816,0.954720872,104.7996998,105.634226,0,0,0,0,0,0
105,UGC02239,15.87117438,14.89745829,14.2613069,13.92546994,15.16291196,14.53850448,14.19269696,15.33458838,15.33458838,0.965242221,-76.78405559,16.1645655,0.559444835,37.90311911,0.078711858,0.015865899,0.015939027,8.828182064,0.427015385,2.931410496,3.310315453,41.05300972,10.42580383,0.099769409,-0.043900295,0.06047997,8.497797506,0.084403699,1.502926513,0.147045332,0.521204863,0.937825023,67.98156328,68.80506818,0,0,0,0,0,0
107,NGC1094,14.57090284,13.53281514,13.06277698,12.80579287,13.71611549,13.3008221,13.01320542,14.42674656,14.42674656,0.751289412,5.931448945,14.49236907,0.835360844,36.23092268,0.144496622,0.021407389,0.021389669,8.492850069,0.460953856,3.58888941,3.809861803,41.81414836,11.00662757,0.09194615,0.717238343,0.062037354,8.509074072,0.085540957,0.814188664,0.079555921,0.248750943,0.680399244,91.87287176,93.23698397,0,0,1,1,0,0
108,NGC1093,15.25307965,13.98217098,13.42483964,13.14839775,14.22694172,13.67924341,13.37241438,15.55558133,15.55558133,0.799719121,15.25295188,16.1645655,0.62479506,39.01791673,0.525344825,0.017432143,0.01741312,9.044241053,0.262396354,3.224292883,3.397394693,41.22041536,10.78359959,0.084141057,0.123505349,0.059500974,8.502414791,0.087208169,0.77785312,0.091040015,0.084343655,0.404580774,74.56831841,75.68960118,0,0,0,0,0,0
109,UGC02311,15.10335159,13.94437996,13.45623388,13.19324397,14.15691815,13.68163092,13.40776887,14.24198502,14.24198502,0.90124355,-53.28829393,16.83817637,1.081240137,40.41162329,0.162667401,0.023669444,0.023767199,8.946734727,0.339899495,3.286973339,3.404127418,41.49986907,11.00180212,0.089083122,0.402959055,0.058096813,8.488233695,0.087433941,0.179887634,0.122295666,0.077142473,0.479987899,102.0739309,103.2692884,0,0,0,1,0,0
110,UGC02319,16.18120213,15.1458296,14.55275344,14.26487711,15.37833889,14.82832284,14.4941692,16.18584597,16.18584597,0.961810302,-43.66712193,15.60716669,0.089783506,33.44392863,0.03034032,0.02330424,0.023300139,8.756956129,0.423188828,2.838591839,3.085564927,41.16567001,10.63917768,0.103401938,0.068759999,0.059556738,8.515716705,0.085121102,1.1874361,0.178216363,0.588529155,1.302271232,100.2528108,101.6472778,0,0,1,0,0,1
111,MCG-02-08-014,16.19864896,14.7290422,14.03093817,13.68231792,15.02767885,14.35053178,13.95645567,12.25154084,12.25154084,0.900540909,6.207705136,11.29744627,0.494108465,37.2815727,0.220319239,0.016570573,0.016770165,9.304374029,0.30397445,2.506059306,2.863460089,40.65275534,10.64454738,0.08856879,-0.444154672,0.058866795,nan,nan,0.957158015,0.262221346,0.34249587,0.713524382,71.72848216,71.90047022,0,-1,-1,-1,0,2
112,NGC1132,15.3465441,13.7230336,13.09120922,12.78739159,14.03026191,13.36944392,13.03090463,14.51795626,14.51795626,0.738105225,49.90577599,18.07591404,1.114417935,42.36542353,0.750738482,0.023163435,0.023152931,9.549869285,0.221055488,1.552250977,1.552250977,39.62651744,11.30570734,0.09531803,-1.470392573,0.05557567,nan,nan,nan,nan,0.013350867,0.169246707,99.581175,101.0221495,0,2,-1,-1,0,1
113,UGC02367,15.29807753,14.02656732,13.33318973,13.01768035,14.32415003,13.62949735,13.268416,14.80514527,14.80514527,0.90125807,52.60974447,17.39944892,1.105184516,42.09544093,0.199942225,0.024440703,0.024627051,9.098682181,0.440763253,3.106038845,3.594957703,41.72445733,11.27353751,0.089232699,0.627547321,0.060411077,8.515121963,0.09854582,1.96540349,0.277677778,0.341440159,0.770048646,106.1191666,106.6976638,0,0,0,-1,0,2
114,NGC1142,14.86302628,13.68802263,13.05441654,12.77430991,13.93528543,13.37949571,12.98833593,18.20905746,18.20905746,0.863418855,31.06299831,20.06635718,0.507569166,45.14930365,0.904226211,0.028760468,0.028891337,9.332946233,0.21506809,3.793488668,4.183031066,42.45413156,11.58589026,0.091957844,1.357221545,0.060450073,8.522579177,0.07262978,1.66573302,0.147601478,0.143927048,0.819704789,124.9091523,125.9730091,1,0,1,1,0,0
115,UGC02403,15.65592499,14.34546402,13.61250335,13.27649268,14.63125902,13.95026254,13.53809839,18.52300353,18.52300353,0.915811575,49.84591682,18.95155956,0.033233952,36.23092268,0.119916731,0.01365487,0.01370699,9.08568941,0.334046692,3.293147691,4.208870433,41.81937606,10.73598853,0.0943665,0.722466043,0.059243549,8.544464661,0.065852834,1.864335547,0.207444497,0.556191144,1.326711224,58.3844007,59.11443756,0,2,0,-1,0,1
116,UGC02405,15.34826751,14.50747688,14.08892365,13.88527416,14.68246945,14.28647444,14.05371559,18.37236341,18.37236341,0.907018166,74.17773311,18.64078635,0.384966329,45.1897851,0.189241888,0.025670195,0.025735752,8.368042637,0.423202516,3.231473379,3.512180687,41.54139625,11.09588042,0.092839886,0.444486235,0.06348463,8.435650184,0.09873104,1.34232114,0.171731229,0.689202632,1.301580753,110.6629712,112.1711656,0,-1,-1,-1,1,2
