data-tables/edge_califa.csv
# %ECSV 1.0,,,,,,,,,,,,,,,,,,,,,,,,,,,,,,,,,,,,,,,,,
# ---,,,,,,,,,,,,,,,,,,,,,,,,,,,,,,,,,,,,,,,,,
# datatype:,,,,,,,,,,,,,,,,,,,,,,,,,,,,,,,,,,,,,,,,,
# - {name: ID, datatype: int64, description: CALIFA ID},,,,,,,,,,,,,,,,,,,,,,,,,,,,,,,,,,,,,,,
# - {name: Name, datatype: string, description: CALIFA Name},,,,,,,,,,,,,,,,,,,,,,,,,,,,,,,,,,,,,,,
# - {name: caSu, unit: mag, datatype: float64, description: SDSS u magnitude from col 4 in get_mag_cubes_v2.2.csv. From CALIFA synthetic,,,,,,,,,,,,,,,,,,,,,,,,,,,,,,,,,,,,,,
#     photometry corrected for foreground extinction},,,,,,,,,,,,,,,,,,,,,,,,,,,,,,,,,,,,,,,,,
# - {name: caSg, unit: mag, datatype: float64, description: SDSS g magnitude from col 8 in get_mag_cubes_v2.2.csv. From CALIFA synthetic,,,,,,,,,,,,,,,,,,,,,,,,,,,,,,,,,,,,,,
#     photometry corrected for foreground extinction},,,,,,,,,,,,,,,,,,,,,,,,,,,,,,,,,,,,,,,,,
# - {name: caSr, unit: mag, datatype: float64, description: SDSS r magnitude from col 12 in get_mag_cubes_v2.2.csv. From CALIFA synthetic,,,,,,,,,,,,,,,,,,,,,,,,,,,,,,,,,,,,,,
#     photometry corrected for foreground extinction},,,,,,,,,,,,,,,,,,,,,,,,,,,,,,,,,,,,,,,,,
# - {name: caSi, unit: mag, datatype: float64, description: SDSS i magnitude from col 16 in get_mag_cubes_v2.2.csv. From CALIFA synthetic,,,,,,,,,,,,,,,,,,,,,,,,,,,,,,,,,,,,,,
#     photometry corrected for foreground extinction},,,,,,,,,,,,,,,,,,,,,,,,,,,,,,,,,,,,,,,,,
# - {name: caB, unit: mag, datatype: float64, description: B magnitude from col 20 in get_mag_cubes_v2.2.csv. From CALIFA synthetic photometry,,,,,,,,,,,,,,,,,,,,,,,,,,,,,,,,,,,,,,
#     corrected for foreground extinction},,,,,,,,,,,,,,,,,,,,,,,,,,,,,,,,,,,,,,,,,
# - {name: caV, unit: mag, datatype: float64, description: V magnitude from col 24 in get_mag_cubes_v2.2.csv. From CALIFA synthetic photometry,,,,,,,,,,,,,,,,,,,,,,,,,,,,,,,,,,,,,,
#     corrected for foreground extinction},,,,,,,,,,,,,,,,,,,,,,,,,,,,,,,,,,,,,,,,,
# - {name: caR, unit: mag, datatype: float64, description: R magnitude from col 28 in get_mag_cubes_v2.2.csv. From CALIFA synthetic photometry,,,,,,,,,,,,,,,,,,,,,,,,,,,,,,,,,,,,,,
#     corrected for foreground extinction},,,,,,,,,,,,,,,,,,,,,,,,,,,,,,,,,,,,,,,,,
# - {name: caRe, unit: arcsec, datatype: float64, description: Equivalent radius Re from col 34 in get_mag_cubes_v2.2.csv},,,,,,,,,,,,,,,,,,,,,,,,,,,,,,,,,,,,,,
# - {name: caeRe, unit: arcsec, datatype: float64, description: Error in equivalent radius from col 35 in get_mag_cubes_v2.2.csv},,,,,,,,,,,,,,,,,,,,,,,,,,,,,,,,,,,,,,
# - {name: caEllipticity, datatype: float64, description: Ellipticity sqrt(1-b^2/a^2) from col 38 in get_mag_cubes_v2.2.csv},,,,,,,,,,,,,,,,,,,,,,,,,,,,,,,,,,,,,,,
# - {name: caPA, unit: deg, datatype: float64, description: PA from col 39 in get_mag_cubes_v2.2.csv},,,,,,,,,,,,,,,,,,,,,,,,,,,,,,,,,,,,,,
# - {name: caR50, unit: arcsec, datatype: float64, description: R50 from col 40 in get_mag_cubes_v2.2.csv},,,,,,,,,,,,,,,,,,,,,,,,,,,,,,,,,,,,,,
# - {name: caeR50, unit: arcsec, datatype: float64, description: Error in R50 from col 41 in get_mag_cubes_v2.2.csv},,,,,,,,,,,,,,,,,,,,,,,,,,,,,,,,,,,,,,
# - {name: caR90, unit: arcsec, datatype: float64, description: R90 from col 42 in get_mag_cubes_v2.2.csv},,,,,,,,,,,,,,,,,,,,,,,,,,,,,,,,,,,,,,
[...]
# - {name: caFlgWav5, datatype: float64, description: Flag (-1/0/1/2=NA/good/minor/bad) for wavelength calibration V500},,,,,,,,,,,,,,,,,,,,,,,,,,,,,,,,,,,,,,,
# - {name: caFlgWav12, datatype: float64, description: Flag (-1/0/1/2=NA/good/minor/bad) for wavelength calibration V1200},,,,,,,,,,,,,,,,,,,,,,,,,,,,,,,,,,,,,,,
# - {name: caFlgReg5, datatype: float64, description: Flag (-1/0/1/2=NA/good/minor/bad) for 2D registration rel to SDSS V500},,,,,,,,,,,,,,,,,,,,,,,,,,,,,,,,,,,,,,,
# - {name: caFlgReg12, datatype: float64, description: Flag (-1/0/1/2=NA/good/minor/bad) for 2D registration rel to SDSS V1200},,,,,,,,,,,,,,,,,,,,,,,,,,,,,,,,,,,,,,,
# - {name: caFlgImg5, datatype: float64, description: Flag (-1/0/1/2=NA/good/minor/bad) for reconstructed image quality V500},,,,,,,,,,,,,,,,,,,,,,,,,,,,,,,,,,,,,,,
# - {name: caFlgImg12, datatype: float64, description: Flag (-1/0/1/2=NA/good/minor/bad) for reconstructed image quality V1200},,,,,,,,,,,,,,,,,,,,,,,,,,,,,,,,,,,,,,,
# delimiter: ',',,,,,,,,,,,,,,,,,,,,,,,,,,,,,,,,,,,,,,,,
# meta: !!omap,,,,,,,,,,,,,,,,,,,,,,,,,,,,,,,,,,,,,,,,,
# - {date: '2023-12-25'},,,,,,,,,,,,,,,,,,,,,,,,,,,,,,,,,,,,,,,,,
# - {comments: Galaxy properties determined from CALIFA},,,,,,,,,,,,,,,,,,,,,,,,,,,,,,,,,,,,,,,,,
# schema: astropy-2.0,,,,,,,,,,,,,,,,,,,,,,,,,,,,,,,,,,,,,,,,,
ID,Name,caSu,caSg,caSr,caSi,caB,caV,caR,caRe,caeRe,caEllipticity,caPA,caR50,caeR50,caR90,caeR90,cazgas,cazstars,caAge,caeAge,caFHa,caFHacorr,caLHacorr,caMstars,caeMstars,caSFR,caeSFR,caOH,caeOH,caAvgas,caeAvgas,caAvstars,caeAvstars,caDistP3d,caDistMpc,caFlgWav5,caFlgWav12,caFlgReg5,caFlgReg12,caFlgImg5,caFlgImg12
[from data line 306]
686,NGC5421NED02,16.06595874,14.64477447,14.09915872,13.82650675,14.91834528,14.33193965,14.04700052,16.53715733,16.53715733,0.927193093,61.07416721,25.41925412,0.046321614,45.75465741,0.118113938,0.026245852,0.026201314,9.301060235,0.298215345,3.01937943,3.01937943,41.202949,11.33972458,0.087893428,0.106038991,0.058440039,8.504272229,0.066094238,1.400174589,0.271166491,0.106936682,0.715221512,112.935064,114.7373599,0,nan,-1,nan,0,nan
688,NGC5439,15.5446066,14.40597947,13.88814148,13.58782051,14.61579562,14.14411042,13.82273326,16.76465087,16.76465087,0.929920145,-79.68174611,15.04976788,0.305628063,34.00132744,0.100734465,0.00627428,0.006330258,8.918316745,0.405324417,3.123000278,3.442462112,40.3756394,9.590414913,0.100993539,-0.721270614,0.058743681,8.532206902,0.056185012,1.068855241,0.092785711,0.345426584,0.765078571,26.76903149,27.00535531,0,nan,1,nan,1,nan
690,NGC5443,15.19922409,13.53961264,12.8251972,12.47666512,13.86637408,13.1492612,12.74830325,17.35043105,17.35043105,0.93969899,-43.85272336,21.46514792,1.361846269,43.49516815,0.118735006,0.005889213,0.005969537,9.484666166,0.24336593,3.172509411,3.457640319,40.33801023,10.25751997,0.089376938,-0.758899786,0.058303593,8.536057621,0.073393717,nan,nan,0.251304307,0.802058252,25.19004648,25.34026035,0,nan,-1,nan,1,nan
695,NGC5423,15.39532913,13.67429622,13.01022155,12.71149585,14.00240256,13.29861657,12.95213989,11.19355352,11.19355352,0.661213146,-14.49011817,12.34799601,1.370323569,38.72780566,0.232468127,0.01961978,0.019752256,9.494500147,0.2478338,2.338836758,2.341798356,40.27248885,11.13962729,0.093612478,-0.82442116,0.053558675,nan,nan,nan,nan,0.022197307,0.370146654,84.40909883,85.33307876,0,nan,1,nan,0,nan
697,UGC08988,16.64952722,15.46911594,14.86782369,14.56624437,15.72445905,15.14060638,14.80428117,15.36822944,15.36822944,0.984852329,82.14678684,16.27690383,0.165686424,38.72780566,0.035899913,0.006807217,0.006822158,8.99537064,0.339894612,2.562068342,2.605387581,39.60633838,9.320165662,0.083370899,-1.490571628,0.057957792,8.413088262,0.074955038,0.40856393,0.115066909,0.5622193,1.055902845,28.94139206,29.31152577,0,0,0,1,0,0
699,NGC5434B,15.74738581,14.82039003,14.24544261,13.97225034,15.02289843,14.54224164,14.18773074,15.08825491,15.08825491,0.977403807,-21.74015038,16.83817637,0.278080413,39.2890782,0.029910945,0.018720331,0.018801198,8.67643461,0.40423952,3.466534737,3.747436774,41.63601697,10.52469934,0.097944292,0.53910696,0.057524301,8.420845152,0.075016293,1.929340101,0.062370815,0.436000161,1.006879066,80.4144534,81.36426562,0,nan,0,nan,0,nan
702,UGC08984,15.509141,13.84339554,13.18625403,12.8574591,14.16445947,13.47509622,13.11839933,11.29737935,11.29737935,0.902090219,-54.26794875,10.73257396,0.962936535,32.76259419,0.341649364,0.012559762,0.012781476,9.372247541,0.407078428,1.237990101,1.237990101,38.78872261,10.6674039,0.107306017,-2.308187399,0.057404064,nan,nan,nan,nan,0.121122454,0.469637907,54.50172791,54.32692958,0,nan,-1,nan,0,nan
703,NGC5473,14.58658472,12.66069707,11.95508544,11.62069272,13.00698131,12.26719043,11.88484663,13.18009962,13.18009962,0.481187612,-2.011420762,15.81642478,3.054756979,42.36542353,0.555048377,0.006568021,0.006708032,9.723028403,0.131161427,1.911213574,1.911213574,38.89798375,10.5973353,0.080275666,-2.198926266,0.053242317,nan,nan,nan,nan,0.01277962,0.379702563,28.47272944,28.27621716,0,0,-1,-1,0,0
705,NGC5475,15.14284177,13.41082572,12.72402929,12.36736327,13.74089606,13.03467267,12.64559872,13.24502309,13.24502309,0.914477349,75.97436669,14.59308619,1.496353883,39.2890782,0.352477895,0.005302733,0.005473632,9.41812883,0.452900617,2.45619243,2.856655693,39.66579671,10.18439149,0.098662292,-1.431113306,0.059299379,nan,nan,nan,nan,0.153564032,0.543241503,23.20676059,22.80615504,0,0,1,-1,0,0
707,NGC5480,14.44577143,13.52867964,13.09114876,12.87308115,13.68645851,13.32319996,13.0497338,18.85780426,18.85780426,0.820859831,-55.10875904,25.08294647,0.106328149,44.03450603,0.849519834,0.006273142,0.006269294,8.787578872,0.228301448,4.016414262,4.371873963,41.2993668,10.04307841,0.086218818,0.202456788,0.060053871,8.554137329,0.0620692,0.991602888,0.100832952,0.290686647,1.157761957,26.59441455,27.00043109,0,0,0,0,0,0
708,NGC5485,14.69153189,12.84119752,12.1361721,11.78722947,13.18251582,12.44847653,12.06220781,16.31734211,16.31734211,0.643210485,83.9226241,19.63582021,3.002069542,43.75982789,0.842294128,0.006124918,0.006362394,9.701838556,0.126918097,2.437870598,2.558724485,39.49934238,10.53445632,0.077648728,-1.597567632,0.052983542,nan,nan,nan,nan,0.018584961,0.50690128,26.99932849,26.3593692,0,0,1,0,0,0
711,UGC09071,16.04577479,15.17817247,14.75449579,14.52291691,15.34815877,14.96530101,14.71105719,20.20235648,20.20235648,0.961348165,-53.0770364,22.45090183,0.449298814,43.21798602,0.122323533,0.006057952,0.005887008,8.595124688,0.330829114,3.115987958,3.226960927,40.10460482,9.093776229,0.084007759,-0.992305197,0.060335687,8.367572594,0.082349758,0.402536286,0.091603057,0.535623751,0.837575706,25.11111283,26.06979321,0,0,1,0,0,0
713,UGC09080,16.36495717,15.60437731,15.19026676,14.9934139,15.77455157,15.38258426,15.15451714,15.84845142,15.84845142,0.986858561,-49.19965889,20.62375599,0.056501006,47.37889889,0.022959862,0.010117201,0.009976905,8.029819914,0.670295335,3.058360917,3.098912629,40.43955573,9.31858887,0.10221102,-0.657354283,0.057966039,8.312313423,0.116040006,0.392029427,0.11416332,0.321689896,0.51984415,42.79229369,43.67790566,0,0,0,0,1,1
714,UGC09067,15.52967476,14.48602345,13.95028394,13.66635203,14.68527786,14.21764294,13.89042232,15.71412503,15.71412503,0.899259285,-71.07591855,15.25155247,0.819631405,36.15182808,0.030311952,0.026173367,0.026166607,8.795879771,0.278106343,3.295320515,3.611322012,41.79347632,10.92239873,0.092041385,0.696566311,0.057546753,8.478161939,0.091893257,1.264535149,0.084937709,0.246194901,0.605899575,112.7511996,114.4141101,0,0,0,0,1,0
715,NGC5520,14.4971483,13.50365895,13.02123421,12.78266324,13.68395681,13.28072952,12.97303946,13.58108901,13.58108901,0.754643679,-26.85092361,15.71563128,1.130851844,39.85035075,0.768695518,0.006214698,0.006185204,8.719583978,0.258200538,3.882490651,4.167001488,41.0850035,9.973164296,0.096820067,-0.011906518,0.059328031,8.474014203,0.074386262,0.881268335,0.071562508,0.132184031,0.504185691,26.30540657,26.74764825,0,0,0,1,1,0
716,NGC5513,15.11540062,13.3849259,12.73118204,12.4366369,13.71264453,13.01593435,12.67277081,12.62879146,12.62879146,0.655711121,19.87507186,15.04976788,0.983504662,39.01791673,0.617844703,0.016651316,0.016804733,9.525202842,0.239671389,1.420104666,1.420104666,39.21205635,11.13711612,0.100370649,-1.884853664,0.056675865,nan,nan,nan,nan,0.023836231,0.27231309,71.94818735,72.25536046,0,nan,0,nan,0,nan
717,UGC09110,15.23250483,14.19401174,13.70464594,13.45524277,14.38574288,13.95495526,13.65671342,14.61014354,14.61014354,0.904961471,-65.95082257,17.39944892,0.004512431,40.41162329,0.08118292,0.015434376,0.015425241,8.469839431,0.524093417,3.553159875,3.746361807,41.46245724,10.49420818,0.088977089,0.365547225,0.058475876,8.432210505,0.069910022,0.762316226,0.067155681,0.186276546,0.451912842,65.9313139,66.91117842,0,nan,0,nan,0,nan
718,UGC09113,16.2764041,15.16473197,14.47583418,14.1230018,15.43409743,14.8102289,14.39547151,15.47842306,15.47842306,0.937830227,-31.3120257,16.72196431,0.255712221,39.01791673,0.169577712,0.010503564,0.010495479,8.9186585,0.376352194,3.017775117,3.469964357,40.84794597,10.07253607,0.115438477,-0.248964046,0.060349312,8.446638679,0.091502406,1.427491624,0.225120286,0.641901793,1.364567052,44.67194068,45.35967693,0,nan,0,nan,0,nan
719,NGC5519,15.85209357,14.54235777,13.94817851,13.69080245,14.7899759,14.22660198,13.8943183,14.31640449,14.31640449,0.81196527,5.219617295,15.71563128,0.02682287,38.72780566,0.10284557,0.024717612,0.024678344,9.022062658,0.259731648,2.98696615,3.571352053,41.70255813,10.98130675,0.091888509,0.605648118,0.061984416,8.516577365,0.087407552,1.394495409,0.21994952,0.416639542,1.017109663,106.3278552,107.9295404,0,nan,1,nan,1,nan
720,NGC5522,15.36699132,14.03812688,13.39664211,13.06305464,14.3039835,13.70728098,13.32432233,14.59290806,14.59290806,0.935745963,-37.27130833,15.81642478,0.78871989,40.67080659,0.328130273,0.015190954,0.015141467,9.016212692,0.268508472,3.311322327,3.731952378,41.43267916,10.78372567,0.095750351,0.335769148,0.058859599,8.500189357,0.065905725,1.612745584,0.178131595,0.356258402,0.830602255,64.77499774,65.8433877,0,nan,0,nan,0,nan
723,NGC5525,15.42196071,13.73035708,13.03622894,12.72212703,14.06276075,13.33990515,12.97378131,13.83741034,13.83741034,0.7512999,-67.20736743,16.1645655,1.56142696,40.13271435,0.275243948,0.01837642,0.018458624,9.515530857,0.258189527,2.304935225,2.418707607,40.28934721,11.13414988,0.098027678,-0.807562799,0.052789502,nan,nan,nan,nan,0.022060954,0.31379368,78.77053923,79.84819482,0,nan,0,nan,0,nan
724,NGC5533,14.90617978,13.25339117,12.51230741,12.1753954,13.58513543,12.84764485,12.43881894,14.16316208,14.16316208,0.734523197,-63.19758983,18.39416075,1.28674475,43.47710722,0.482782893,0.012784151,0.012801673,9.462756431,0.197401403,3.370859234,3.949139725,41.50052437,11.1022708,0.07930426,0.403614356,0.058124714,8.543068794,0.077225038,2.12666545,0.191418301,0.357049457,1.467976224,54.54266281,55.30723795,0,nan,1,nan,0,nan
725,IC0995,15.67911773,14.85500892,14.5187315,14.29831856,14.99566145,14.68196692,14.48393406,17.60082471,17.60082471,0.959738815,57.66104872,18.39416075,0.456114425,39.57531554,0.171860664,0.010406706,0.01036091,8.709559425,0.367790898,3.116343453,3.157175874,40.52667347,9.628777319,0.104998789,-0.570236543,0.056580289,8.365470082,0.074865718,0.256775688,0.069134048,0.127572824,0.468482071,44.23772788,44.93797861,0,nan,0,nan,0,nan
726,NGC5532,15.04082285,13.2191942,12.51500093,12.20968589,13.57284382,12.82143542,12.45140565,13.60226039,13.60226039,0.615406553,57.82367394,16.94616941,0.892460524,43.49516815,0.488630158,0.024603585,0.02470253,9.703165973,0.172369689,2.142728591,2.301268489,40.43279897,11.60809015,0.088824724,-0.66411104,0.055262411,nan,nan,nan,nan,0.022357414,0.450151378,106.3675747,107.4222063,0,nan,-1,nan,0,nan
727,NGC5546,15.34739886,13.56805109,12.84369348,12.54244161,13.92644653,13.15876934,12.78023732,12.95925561,12.95925561,0.583510323,-68.3447438,15.81642478,0.466084071,41.80055121,0.579953557,0.024303416,0.024524909,9.676617429,0.205242929,2.527203435,3.101296483,41.22681215,11.45324549,0.082865587,0.12990214,0.053139429,nan,nan,nan,nan,0.012339297,0.279421673,105.6335439,106.08711,0,nan,0,nan,0,nan
728,IC0994,15.95478168,14.2570582,13.52528561,13.19667379,14.59115749,13.86143073,13.45261958,11.58126854,11.58126854,0.813829771,-62.24640883,12.34799601,0.140561866,35.92144293,0.090533808,0.024413634,0.024454621,9.470368445,0.324217649,1.575206945,1.622854984,39.74466454,11.16684969,0.092597723,-1.352245476,0.05941183,nan,nan,nan,nan,0.239380074,0.81949238,105.1837842,106.5772685,0,nan,1,nan,0,nan
729,NGC5557,14.42005975,12.52661284,11.82494569,11.51729983,12.87631861,12.13259029,11.76310135,13.9058796,13.9058796,0.536848855,0.015156368,16.94616941,0.741560156,43.49516815,1.494477755,0.010455164,0.010721664,9.702880641,0.130071152,1.78076716,1.78076716,39.1777594,11.09520525,0.076583245,-1.919150617,0.052558658,nan,nan,nan,nan,0.007007335,0.295919697,45.66044433,45.14894388,0,nan,-1,nan,0,nan
730,NGC5549,15.32950664,13.55514524,12.84323634,12.52178078,13.90190975,13.16286318,12.7736492,12.33026863,12.33026863,0.756988981,25.92138033,13.55693553,0.209382736,38.41131733,0.720931681,0.025549641,0.025607972,9.653275068,0.262962548,2.548694116,2.557382159,40.72073211,11.45270694,0.097454467,-0.376177906,0.05740979,nan,nan,nan,nan,0.041652103,0.341737753,110.3364455,111.6340316,0,nan,0,nan,0,nan
731,UGC09165,16.06591302,14.93712393,14.15864025,13.76545696,15.22147688,14.54414973,14.0646834,17.37824116,17.37824116,0.959820266,-35.76914912,16.94616941,0.373094737,36.71670039,0.50360199,0.017579136,0.017722248,8.733883803,0.543754089,3.115094513,4.054867151,41.88976082,10.82351237,0.111981206,0.792850809,0.060528418,8.532554482,0.068948975,3.246633284,0.358834568,0.88841124,1.501144405,75.59461341,76.33656412,0,nan,1,nan,0,nan
732,NGC5559,15.88626581,14.60074735,13.90312995,13.51973432,14.88704453,14.2424074,13.81430601,16.48528719,16.48528719,0.953019758,-28.5808141,17.96072146,0.695896089,38.16653311,0.006147691,0.017176261,0.017173079,8.807344062,0.420435339,3.161134148,3.681435458,41.49187138,10.85778973,0.095514594,0.394961371,0.060134033,8.504614535,0.072173007,1.90734149,0.109942124,0.675821346,1.205152401,73.49570805,74.56372541,0,nan,0,nan,0,nan
733,UGC09182,15.65510349,14.58966957,14.07479068,13.80115324,14.80393691,14.32139511,14.02234282,18.36344092,18.36344092,0.962743244,30.95417788,21.88962928,0.528766789,46.02434875,0.080542495,0.015460494,0.015377121,8.689297011,0.437505888,3.342073936,3.547456509,41.26338325,10.40720025,0.090917435,0.166473236,0.058361265,8.421029407,0.088112581,0.633815718,0.13533527,0.31338283,0.730449952,65.91851047,67.02577061,0,nan,0,nan,0,nan
734,NGC5580,15.33521239,13.54252691,12.84790802,12.53111955,13.88461815,13.15226571,12.78346048,13.51654243,13.51654243,0.406910304,35.06664883,15.60716669,1.341150163,40.13271435,0.18858291,0.010305018,0.010563997,9.679345299,0.175525061,1.592568098,1.59597319,38.9801349,10.6996961,0.091515782,-2.116775114,0.05524389,nan,nan,nan,nan,0.031382042,0.318255729,44.99091951,44.49531654,0,nan,0,nan,0,nan
735,UGC09199,16.57089438,15.16856037,14.43997918,14.08230503,15.46444995,14.78241756,14.35948551,13.94914608,13.94914608,0.976269614,36.76147244,14.68668016,0.163953033,35.58695576,0.198778143,0.025628808,0.025745687,8.999214589,0.358645011,2.821688292,3.237560702,41.40338732,10.90757951,0.094340359,0.306477305,0.056743043,8.511520427,0.086144071,1.708631432,0.157619846,0.6480374,1.060346985,110.6515044,111.9867543,0,nan,-1,nan,0,nan
736,NGC5587,15.37876373,13.74089732,13.03163729,12.71272754,14.06754444,13.35073957,12.96430054,14.95794448,14.95794448,0.944209228,76.04271087,17.51104172,2.050826202,40.10593427,0.210487053,0.007606463,0.007671842,9.288084975,0.365739479,3.084701006,3.416185897,40.51645687,10.34626164,0.100450443,-0.580453146,0.058838313,8.528494788,0.087164711,nan,nan,0.206677471,0.542959657,32.44736992,32.77370981,0,nan,-1,nan,0,nan
737,NGC5602,15.0918923,13.41655427,12.80755356,12.53126925,13.71853388,13.07178354,12.75630255,11.99361615,11.99361615,0.702524649,74.29110499,13.93497026,2.06608731,39.57531554,0.757374821,0.007439222,0.00747287,9.48283473,0.247724886,2.537845805,2.537845805,39.61692634,10.3704506,0.092947809,-1.479983674,0.05427474,nan,nan,nan,nan,0.016512022,0.281334312,31.6653492,32.04889429,0,nan,1,nan,1,nan
738,NGC5598,15.50061579,13.80390249,13.1462893,12.80826088,14.11924167,13.4452329,13.07725843,11.36682968,11.36682968,0.618970909,-38.28674293,11.14797621,1.803305185,36.78832149,0.087926983,0.017892315,0.018162124,9.554129158,0.196097282,1.267587825,1.267587825,39.12740811,11.05329031,0.108174767,-1.969501902,0.05588516,nan,nan,nan,nan,0.04495932,0.417258193,77.79544295,77.71544878,0,nan,0,nan,0,nan
739,NGC5611,14.84781041,13.25934084,12.67702594,12.37806636,13.55025258,12.930321,12.61958718,11.01949757,11.01949757,0.838782531,-27.0751975,9.541633278,0.225599624,30.86999002,0.114760255,0.006275495,0.006572464,9.308729064,0.223411024,1.804660563,1.804660563,38.7736782,10.09468533,0.097469286,-2.323231808,0.054449796,nan,nan,nan,nan,0.019743506,0.180325961,27.89670025,27.01061181,0,nan,1,nan,0,nan
