data-tables/edge_califa.csv
# %ECSV 1.0,,,,,,,,,,,,,,,,,,,,,,,,,,,,,,,,,,,,,,,,,
# ---,,,,,,,,,,,,,,,,,,,,,,,,,,,,,,,,,,,,,,,,,
# datatype:,,,,,,,,,,,,,,,,,,,,,,,,,,,,,,,,,,,,,,,,,
# - {name: ID, datatype: int64, description: CALIFA ID},,,,,,,,,,,,,,,,,,,,,,,,,,,,,,,,,,,,,,,
# - {name: Name, datatype: string, description: CALIFA Name},,,,,,,,,,,,,,,,,,,,,,,,,,,,,,,,,,,,,,,
# - {name: caSu, unit: mag, datatype: float64, description: SDSS u magnitude from col 4 in get_mag_cubes_v2.2.csv. From CALIFA synthetic,,,,,,,,,,,,,,,,,,,,,,,,,,,,,,,,,,,,,,
#     photometry corrected for foreground extinction},,,,,,,,,,,,,,,,,,,,,,,,,,,,,,,,,,,,,,,,,
# - {name: caSg, unit: mag, datatype: float64, description: SDSS g magnitude from col 8 in get_mag_cubes_v2.2.csv. From CALIFA synthetic,,,,,,,,,,,,,,,,,,,,,,,,,,,,,,,,,,,,,,
#     photometry corrected for foreground extinction},,,,,,,,,,,,,,,,,,,,,,,,,,,,,,,,,,,,,,,,,
# - {name: caSr, unit: mag, datatype: float64, description: SDSS r magnitude from col 12 in get_mag_cubes_v2.2.csv. From CALIFA synthetic,,,,,,,,,,,,,,,,,,,,,,,,,,,,,,,,,,,,,,
#     photometry corrected for foreground extinction},,,,,,,,,,,,,,,,,,,,,,,,,,,,,,,,,,,,,,,,,
# - {name: caSi, unit: mag, datatype: float64, description: SDSS i magnitude from col 16 in get_mag_cubes_v2.2.csv. From CALIFA synthetic,,,,,,,,,,,,,,,,,,,,,,,,,,,,,,,,,,,,,,
#     photometry corrected for foreground extinction},,,,,,,,,,,,,,,,,,,,,,,,,,,,,,,,,,,,,,,,,
# - {name: caB, unit: mag, datatype: float64, description: B magnitude from col 20 in get_mag_cubes_v2.2.csv. From CALIFA synthetic photometry,,,,,,,,,,,,,,,,,,,,,,,,,,,,,,,,,,,,,,
#     corrected for foreground extinction},,,,,,,,,,,,,,,,,,,,,,,,,,,,,,,,,,,,,,,,,
# - {name: caV, unit: mag, datatype: float64, description: V magnitude from col 24 in get_mag_cubes_v2.2.csv. From CALIFA synthetic photometry,,,,,,,,,,,,,,,,,,,,,,,,,,,,,,,,,,,,,,
#     corrected for foreground extinction},,,,,,,,,,,,,,,,,,,,,,,,,,,,,,,,,,,,,,,,,
# - {name: caR, unit: mag, datatype: float64, description: R magnitude from col 28 in get_mag_cubes_v2.2.csv. From CALIFA synthetic photometry,,,,,,,,,,,,,,,,,,,,,,,,,,,,,,,,,,,,,,
#     corrected for foreground extinction},,,,,,,,,,,,,,,,,,,,,,,,,,,,,,,,,,,,,,,,,
# - {name: caRe, unit: arcsec, datatype: float64, description: Equivalent radius Re from col 34 in get_mag_cubes_v2.2.csv},,,,,,,,,,,,,,,,,,,,,,,,,,,,,,,,,,,,,,
# - {name: caeRe, unit: arcsec, datatype: float64, description: Error in equivalent radius from col 35 in get_mag_cubes_v2.2.csv},,,,,,,,,,,,,,,,,,,,,,,,,,,,,,,,,,,,,,
# - {name: caEllipticity, datatype: float64, description: Ellipticity sqrt(1-b^2/a^2) from col 38 in get_mag_cubes_v2.2.csv},,,,,,,,,,,,,,,,,,,,,,,,,,,,,,,,,,,,,,,
# - {name: caPA, unit: deg, datatype: float64, description: PA from col 39 in get_mag_cubes_v2.2.csv},,,,,,,,,,,,,,,,,,,,,,,,,,,,,,,,,,,,,,
# - {name: caR50, unit: arcsec, datatype: float64, description: R50 from col 40 in get_mag_cubes_v2.2.csv},,,,,,,,,,,,,,,,,,,,,,,,,,,,,,,,,,,,,,
# - {name: caeR50, unit: arcsec, datatype: float64, description: Error in R50 from col 41 in get_mag_cubes_v2.2.csv},,,,,,,,,,,,,,,,,,,,,,,,,,,,,,,,,,,,,,
# - {name: caR90, unit: arcsec, datatype: float64, description: R90 from col 42 in get_mag_cubes_v2.2.csv},,,,,,,,,,,,,,,,,,,,,,,,,,,,,,,,,,,,,,
[...]
# - {name: caFlgWav5, datatype: float64, description: Flag (-1/0/1/2=NA/good/minor/bad) for wavelength calibration V500},,,,,,,,,,,,,,,,,,,,,,,,,,,,,,,,,,,,,,,
# - {name: caFlgWav12, datatype: float64, description: Flag (-1/0/1/2=NA/good/minor/bad) for wavelength calibration V1200},,,,,,,,,,,,,,,,,,,,,,,,,,,,,,,,,,,,,,,
# - {name: caFlgReg5, datatype: float64, description: Flag (-1/0/1/2=NA/good/minor/bad) for 2D registration rel to SDSS V500},,,,,,,,,,,,,,,,,,,,,,,,,,,,,,,,,,,,,,,
# - {name: caFlgReg12, datatype: float64, description: Flag (-1/0/1/2=NA/good/minor/bad) for 2D registration rel to SDSS V1200},,,,,,,,,,,,,,,,,,,,,,,,,,,,,,,,,,,,,,,
# - {name: caFlgImg5, datatype: float64, description: Flag (-1/0/1/2=NA/good/minor/bad) for reconstructed image quality V500},,,,,,,,,,,,,,,,,,,,,,,,,,,,,,,,,,,,,,,
# - {name: caFlgImg12, datatype: float64, description: Flag (-1/0/1/2=NA/good/minor/bad) for reconstructed image quality V1200},,,,,,,,,,,,,,,,,,,,,,,,,,,,,,,,,,,,,,,
# delimiter: ',',,,,,,,,,,,,,,,,,,,,,,,,,,,,,,,,,,,,,,,,
# meta: !!omap,,,,,,,,,,,,,,,,,,,,,,,,,,,,,,,,,,,,,,,,,
# - {date: '2023-12-25'},,,,,,,,,,,,,,,,,,,,,,,,,,,,,,,,,,,,,,,,,
# - {comments: Galaxy properties determined from CALIFA},,,,,,,,,,,,,,,,,,,,,,,,,,,,,,,,,,,,,,,,,
# schema: astropy-2.0,,,,,,,,,,,,,,,,,,,,,,,,,,,,,,,,,,,,,,,,,
ID,Name,caSu,caSg,caSr,caSi,caB,caV,caR,caRe,caeRe,caEllipticity,caPA,caR50,caeR50,caR90,caeR90,cazgas,cazstars,caAge,caeAge,caFHa,caFHacorr,caLHacorr,caMstars,caeMstars,caSFR,caeSFR,caOH,caeOH,caAvgas,caeAvgas,caAvstars,caeAvstars,caDistP3d,caDistMpc,caFlgWav5,caFlgWav12,caFlgReg5,caFlgReg12,caFlgImg5,caFlgImg12
[from data line 572]
1076,UGC8909,16.22134593,14.97165956,14.51979228,14.24480153,15.14997425,14.74833842,14.46338613,24.28677934,24.28677934,0.201249516,0.151598585,23.01217438,0.266627116,45.46307621,0.361141987,0.005263978,0.005274055,8.197959468,0.613769427,3.033606029,3.033606029,39.81001728,9.154562311,0.120803061,-1.286892731,0.063405128,8.402028233,0.10422711,0.476030298,0.774763476,0.492963672,0.883988059,22.34856497,22.63878244,1,0,0,0,0,0
1079,UGC9562,15.4059449,14.50659341,14.22733837,14.02324134,14.61039773,14.41171466,14.18947895,15.46995045,15.46995045,0.810083469,-66.19250471,16.07047229,0.061897581,40.45325784,0.221320669,0.004059182,0.004018298,8.37732808,0.497600349,3.297058741,3.324718142,39.86746312,8.535791778,0.102171505,-1.229446891,0.05801502,8.318028034,0.104330697,0.206810346,0.103335234,0.123605867,0.355933861,17.07719371,17.44066413,0,0,1,0,0,0
1080,UGC9663,16.2991162,15.73002902,15.3921691,15.20995981,15.88745234,15.57046126,15.36161433,29.08226768,29.08226768,0.557513383,69.97878411,25.25726456,0.492942169,44.34053112,0.144072059,0.008067643,0.008539771,8.33583472,0.346757987,3.24579419,3.267569812,40.46113637,9.182577967,0.130149489,-0.635773641,0.0617088,8.275525068,0.093604858,0.281387496,0.120100339,0.238207962,0.661600687,36.12661698,34.77342247,1,0,0,0,0,0
2014,UGC00312NED01,14.52185484,13.97322871,13.57375807,13.38045898,14.09556731,13.8296579,13.53257318,10.28115277,10.28115277,0.5841344,-68.48456689,7.246184536,1.009298233,21.1811548,0.284749893,0.014397378,0.014337978,9.095058218,0.353787529,3.835456095,4.128767512,41.78207939,10.19362137,0.087091584,0.685169377,0.058368284,8.444050034,0.072573742,1.076482959,0.112323661,0.264829153,0.910063004,61.33381144,62.36507525,0,0,0,-1,0,0
2026,NGC0197,15.7488117,14.93823448,14.46567154,14.22413313,15.14771819,14.6864715,14.42006552,15.52599615,15.52599615,0.345311507,-9.07916683,19.08326656,0.028821958,43.77925857,0.059798051,0.012591304,0.012025414,8.870028404,0.388446056,2.635583609,2.764605999,40.26839288,9.881024177,0.084806834,-0.828517133,0.059141732,nan,nan,0.826677614,0.260883297,0.416784557,1.356133461,51.63420032,54.46471121,2,nan,0,nan,0,nan
2044,NGC0495,15.59298444,13.89481547,13.25170249,12.91470385,14.21445478,13.53070503,13.1839206,11.9622667,11.9622667,0.56276073,70.73604341,13.4705411,0.389187392,37.04398802,0.308896998,0.013444139,0.013515777,9.461658825,0.378934365,1.569303576,1.569303576,39.16914252,10.7022449,0.091485904,-1.927767494,0.05775152,nan,nan,nan,nan,0.087672082,0.726755965,57.67179733,58.19255291,0,0,0,1,0,0
2052,CGCG536-030,15.57013849,14.85274431,14.56249291,14.35944308,14.97482374,14.71531895,14.53113777,15.08633775,15.08633775,0.792825109,-68.64613572,12.90926855,0.061994524,26.37980965,0.299032463,0.019796373,0.019934548,8.359579677,0.391709827,3.167596703,3.240092514,41.17832753,9.992906578,0.102354225,0.081417514,0.057215696,8.399853074,0.074290944,0.206655449,0.059377993,0.227773846,0.767640739,85.14546497,86.112931,0,0,0,0,0,0
2063,NGC0675,15.94144849,14.70693846,14.06664533,13.70415137,15.00045964,14.3441172,13.99158633,15.94636662,15.94636662,0.902661631,8.04964838,14.68668016,0.173129734,34.45721114,0.116602018,0.017404723,0.017531676,9.084174609,0.501436939,2.106596372,2.497354412,40.32544541,10.60767438,0.110454722,-0.7714646,0.057060741,nan,nan,nan,nan,0.179058956,0.717382721,75.00487912,75.5689311,0,0,-1,1,1,1
2077,IC0208,16.00577587,14.79790514,14.25430696,13.96562263,15.04018253,14.49467394,14.19935273,22.83940237,22.83940237,0.465181372,65.20455558,26.37980965,0.701999273,44.90180366,0.033380568,0.011554314,0.011431173,9.070084305,0.284391644,3.108117352,3.196144852,40.65435971,10.24371259,0.083969145,-0.442550304,0.059566813,8.522100135,0.093348988,0.533307258,0.161044112,0.100664017,0.54525986,48.99496406,49.93852059,0,nan,0,nan,0,nan
2078,NGC0835,14.11560489,12.89505272,12.28644879,12.00113972,13.13908909,12.58685015,12.2266096,12.29337228,12.29337228,0.559906815,-88.30066177,13.55693553,2.58050227,35.58695576,0.033979583,0.013289662,0.013286438,9.292726492,0.228134829,3.868223807,4.373861669,41.95940981,11.12095557,0.08626304,0.862499801,0.058201955,8.562857871,0.06017936,1.744708222,0.133323174,0.207430454,1.103830957,56.73069279,57.51695064,0,nan,-1,nan,0,nan
2663,KUG1349+143,16.55744552,15.44283792,14.90086277,14.57855955,15.67149365,15.14962957,14.83553661,13.72855756,13.72855756,0.902341472,22.06739307,13.46456243,0.372759948,27.49014829,0.038910171,0.024511726,0.024556574,9.165159929,0.225798232,2.402631138,2.608971977,40.73489384,10.42638375,0.099200746,-0.362016176,0.05713381,nan,nan,0.490579078,0.277697122,0.261518592,0.944512972,105.6829543,107.0135704,0,0,0,0,0,0
2707,NGC5481,15.19901695,13.48882372,12.79698715,12.43827354,13.82485528,13.10213924,12.72077944,12.05401838,12.05401838,0.283444013,8.934248838,15.60716669,1.758894696,40.13271435,0.358680601,0.006468166,0.006581516,9.111241392,0.465640596,2.509416294,2.509416294,39.47192801,10.45044832,0.091495631,-1.624981999,0.062844059,nan,nan,nan,nan,0.7476643,1.727041475,27.68852846,27.84413164,0,0,0,0,0,0
2752,CGCG163-062,15.95217104,14.90888103,14.4542897,14.23990045,15.11063699,14.63685526,14.42346807,18.14688809,18.14688809,0.353121576,-2.561575361,15.81642478,0.060645128,33.89233882,0.056118692,0.014562992,0.014319257,8.78751865,0.381257039,2.746812724,2.807126376,40.45976213,9.912470683,0.088820969,-0.637147886,0.059925081,8.501411818,0.085732897,0.555026588,0.237820442,0.293420314,0.756300995,61.28608655,63.09062482,0,0,-1,-1,0,0
2780,NGC5794,15.58541852,13.87989635,13.24700363,12.93705358,14.1975782,13.52128608,13.18697715,10.61404808,10.61404808,0.531961851,13.8276024,10.03317859,1.263252954,36.78832149,0.027070156,0.013646807,0.013913761,9.526298489,0.116964896,1.898008994,1.898008994,39.52387648,10.61412712,0.10246352,-1.573033536,0.052495446,nan,nan,nan,nan,0.005089213,0.175482199,59.42617206,59.07915652,0,0,0,0,0,0
2781,IC1078,15.86493565,14.64998623,14.14289379,13.86899542,14.89464225,14.34918374,14.09226259,20.19661046,20.19661046,0.542172005,-77.05417882,21.32835674,0.674276952,35.36017038,0.418599194,0.028650941,0.02868462,8.924286837,0.279958283,3.046994341,3.142124623,41.40537823,10.84338179,0.087100417,0.308468214,0.057729158,8.548512687,0.081721974,0.213166483,0.525249029,0.102298163,0.549088984,123.7857969,125.4827509,0,0,0,-1,0,0
2785,UGC09708,15.79135982,14.9836226,14.6211798,14.36148694,15.13252797,14.79415163,14.57347728,16.83175889,16.83175889,0.402851208,-64.70324164,16.27690383,0.24941742,31.99253511,0.058941215,0.028012338,0.027865122,8.499156045,0.335070782,3.088771779,3.130474334,41.37202739,10.46610623,0.083622716,0.275117378,0.057763875,8.447220209,0.124347483,0.175099482,0.112758812,0.194343095,0.712195091,120.7314853,122.6258709,0,nan,0,nan,0,nan
2795,NGC5929,15.15610678,13.89015724,13.19055831,12.86298295,14.21206952,13.5263967,13.11777297,17.72852046,17.72852046,0.82756097,-42.00166236,31.43126256,0.607112503,46.02434875,1.777634479,0.008256429,0.008385373,9.429189099,0.234287748,3.810426935,3.987269084,41.1618613,10.70039349,0.091320866,0.064951292,0.061253459,8.491453169,0.065993922,0.729900538,0.134534601,0.231745611,1.228927315,35.34598797,35.59243198,0,0,0,1,0,0
2796,NGC5935,15.82958838,14.1178433,13.43954447,13.101635,14.44948368,13.7409732,13.37035879,9.913408675,9.913408675,0.892879077,-63.00150738,8.419088186,1.710992631,33.67635275,0.07068654,0.017892125,0.018067486,9.352493185,0.299322646,2.279662699,2.470111626,40.32522511,10.86204047,0.104984906,-0.771684899,0.05559162,nan,nan,nan,nan,0.044621051,0.416161522,77.37501726,77.71461593,0,1,0,-1,0,2
2801,NGC5954,14.3443224,13.51786889,13.04246951,12.8379064,13.67765162,13.31359023,12.99923841,19.151004,19.151004,0.904693147,-74.8183266,20.20581165,0.221867117,40.97289584,0.282638482,0.006339747,0.006409959,8.866557144,0.340848669,4.038887826,4.375840714,41.31774324,9.983024952,0.09405993,0.220833229,0.058742616,8.510156464,0.066790566,0.930697239,0.088702481,0.207357436,0.63601778,27.03928971,27.28854748,0,0,0,0,0,0
2835,NGC6150B,16.52962646,15.19353765,14.51063696,14.153345,15.48296354,14.82869027,14.42962494,11.51869336,11.51869336,0.921533306,53.0078987,8.980360732,0.439685019,24.13471947,0.116216098,0.031666097,0.031636554,9.272536249,0.264449998,2.703550492,3.246532403,41.59685106,11.02865477,0.101047482,0.499941042,0.056309169,nan,nan,1.688992775,0.092843684,0.440738238,1.227128991,136.8369361,139.0080549,0,0,0,-1,0,0
2851,VIIZw700,16.38901646,14.82480427,14.16905714,13.84231733,15.14973284,14.44854743,14.1001575,14.96158749,14.96158749,0.844441163,-32.93634241,21.1811548,0.17693446,42.3623096,0.187083038,0.032020202,0.032054318,9.469802881,0.294738749,1.765017931,1.794133898,40.15565593,11.19432777,0.085950356,-0.941254082,0.058952923,nan,nan,nan,nan,0.088559303,0.76607601,138.613341,140.6004441,0,0,0,0,0,0
2871,NGC6977,15.55359138,13.99413348,13.37219679,13.04090501,14.28777258,13.65092704,13.30468632,15.55467561,15.55467561,0.698713356,-24.37390068,20.06635718,0.424678787,41.24751197,0.27721506,0.020286572,0.020355978,9.237890002,0.277267356,3.105750785,3.302732992,41.26182774,11.07454203,0.090265638,0.164917723,0.06042645,8.568766129,0.075364216,0.8410647,0.173953845,0.174404818,0.886729879,87.2150406,88.27879698,0,0,0,1,0,0
2873,UGC11680NED02,15.30641856,14.54285181,14.04179896,13.75812398,14.69920023,14.32614248,13.97658758,9.232407317,9.232407317,0.469233896,65.00277819,5.573988105,0.530136556,27.31254171,0.100860234,0.025932411,0.026144985,9.11015046,0.317412425,3.424949651,3.839444344,42.02123767,10.89635176,0.108123829,0.924327652,0.059177653,8.525775432,0.073288313,0.126062366,0.366868162,0.317423269,1.029530437,112.7043492,113.3398122,0,0,0,0,0,0
2902,NGC7559B,15.47220771,13.87934745,13.27104477,12.94590034,14.18180281,13.5329788,13.20722312,14.41264229,14.41264229,0.496834603,-14.23821366,16.27690383,0.699412063,39.85035075,0.66431144,0.014985796,0.015121883,9.439061052,0.325636038,1.501378953,1.501378953,39.20051568,10.80230534,0.0901782,-1.89639433,0.057138173,nan,nan,nan,nan,0.03627057,0.376075677,64.6565281,64.94375743,0,0,0,1,0,0
2940,NGC0507,14.62735947,12.85439282,12.2147451,11.90133664,13.17442504,12.4977953,12.1526867,13.27766371,13.27766371,0.547077607,-74.14668096,16.3812971,3.071842615,42.36542353,0.064987208,0.016258196,0.016325436,9.654177546,0.1858717,2.153758459,2.171786661,39.93513449,11.35695338,0.088929516,-1.16177552,0.054490685,nan,nan,nan,nan,0.020325798,0.645306509,69.6174211,70.52788851,0,nan,-1,nan,0,nan
2941,NGC0508,15.60254003,13.94527254,13.23631746,12.88903153,14.27432398,13.55632062,13.16343575,13.08418115,13.08418115,0.211246878,47.05073462,15.81642478,1.122714672,39.54106196,0.245162574,0.018143456,0.018226336,9.102464164,0.303881217,2.637135555,2.741341476,40.60200276,11.43643203,0.086501878,-0.494907253,0.061209386,nan,nan,nan,nan,1.146662975,1.897240574,77.87080366,78.82166676,0,nan,-1,nan,0,nan
2942,NGC0515,15.39043373,13.73033855,13.13751337,12.87596734,14.02585627,13.39036997,13.09115302,11.07566493,11.07566493,0.813642221,38.3866674,12.34799601,0.276265215,35.92144293,0.134164311,0.016927713,0.01687272,9.473901246,0.218949354,1.948388447,2.039675443,39.83370284,10.85323397,0.084750256,-1.263207175,0.05582941,nan,nan,nan,nan,0.030684072,0.409982606,72.12033126,73.47054294,0,2,1,-1,0,0
2943,ARP118,15.41581934,14.22812858,13.6612578,13.40470927,14.47549501,13.92624947,13.60714116,36.19274731,36.19274731,0.742396678,14.02896357,29.18617238,3.225274122,44.34053112,0.494555341,0.027657983,0.027730268,9.409165981,0.34479771,3.61283301,3.728760628,41.9623649,11.73469465,0.097283711,0.86545489,0.059918187,8.51684793,0.073155101,1.074684114,0.118915055,0.230104927,1.095789774,119.6316665,121.0417799,1,nan,0,nan,0,nan
2944,NGC6023,15.78296234,14.03527385,13.37135118,13.05452529,14.37237529,13.65356086,13.30255122,12.28312161,12.28312161,0.693928203,-23.69674053,14.49236907,0.977983572,38.46051792,0.257483327,0.036991715,0.037033106,9.514152111,0.233436521,0.465426581,0.465426581,38.95586375,11.492889,0.093942527,-2.14104626,0.058133809,nan,nan,nan,nan,0.078041247,0.738181062,160.7913202,163.044549,0,nan,0,nan,0,nan
2945,NGC6090,14.44673738,13.83313208,13.36718851,13.23453151,13.95729254,13.68824185,13.32008447,11.05034265,11.05034265,0.709494715,-51.34514242,9.602829333,0.052346115,32.76259419,0.104804131,0.029389535,0.029450796,8.755969825,0.268529761,4.094679514,4.553046032,42.83926246,11.08236249,0.096044224,1.742352449,0.059198154,8.493968934,0.075708243,0.953701106,0.123793955,0.18605568,0.653450838,127.1019548,128.7903404,0,0,-1,-1,0,0
2998,UGC12494NOTES01,16.64665779,15.29327656,14.69020908,14.35853024,15.58027445,14.94499881,14.62471799,12.21914368,12.21914368,0.734559696,37.36611193,11.14797621,0.211215879,30.65693458,0.040868995,0.015912433,0.016253149,9.074823269,0.745668801,1.270845821,1.270845821,39.03000802,10.16539701,0.095900268,-2.066901992,0.056045782,nan,nan,nan,nan,0.204648965,0.736373126,69.28274966,69.00937574,0,nan,1,nan,0,nan
2999,NGC4676B,15.86092336,14.42410302,13.74627533,13.45182567,14.7312502,14.06289374,13.6829585,13.51800517,13.51800517,0.833550062,77.65329161,14.49236907,0.013691487,39.57531554,0.246905415,0.021568511,0.021540257,9.196239959,0.299517284,3.120674662,3.45758795,41.46775853,10.9546756,0.087366938,0.370848522,0.061176186,8.486885201,0.05228156,1.263043197,0.08168814,0.157413721,0.478498122,92.49735351,93.95043366,0,0,0,1,0,0
3000,UGC00386,15.36710712,13.24671792,17.96025844,14.19951884,13.02615392,14.0270628,15.51178846,86.01506672,86.01506672,0.530185686,-83.58559214,42.93029584,0.141738502,51.40338055,2.543789608,0.018375799,0.018610485,7.821460496,0.692656481,3.785488924,3.785488924,41.6676791,10.05339855,0.096625919,0.570769085,0.057895459,nan,nan,nan,nan,0.275084506,0.97815092,79.82503206,79.84545884,2,2,-1,-1,2,0
3001,MCG-02-02-086,16.16799707,14.47848115,13.78916807,13.48688602,14.81158625,14.08647986,13.7114682,20.57301627,20.57301627,0.793478734,66.49652232,21.32835674,0.75775793,43.77925857,0.187969014,0.054930062,0.055520002,9.49458743,0.40131843,1.736323077,2.043728154,40.89856698,11.9172752,0.095593599,-0.198343029,0.059082074,nan,nan,nan,nan,0.082029683,0.524505472,244.6039297,245.3758515,0,nan,1,nan,0,nan
3002,GIN010,16.74664184,15.22727778,14.71328324,14.54173926,15.44863829,14.92265325,14.63137977,14.20233407,14.20233407,0.674866262,-8.611910957,14.12922996,0.101763992,37.86633628,0.06660293,0.075969922,0.076024823,8.450421756,0.532502165,1.701767224,1.701767224,40.84276886,11.58061965,0.082280713,-0.254141155,0.066648572,nan,nan,nan,nan,0.883393354,1.905771717,340.0516075,344.5924813,1,nan,1,nan,1,nan
3003,IC1602,16.00845821,14.47996088,13.8147284,13.52202412,14.78307297,14.11422324,13.73747889,13.38395925,13.38395925,0.509157328,82.5514461,15.71563128,0.120206148,42.65671348,0.179979778,0.054377221,0.054721224,9.140847679,0.574627484,1.488949848,1.488949848,40.33100036,11.81652889,0.100117127,-0.765909657,0.061829738,nan,nan,nan,nan,0.216803994,0.775122955,241.0289836,242.8071992,0,nan,0,nan,0,nan
3004,NGC0548,15.91560663,14.46749286,13.83813161,13.49466568,14.72986597,14.13362348,13.76684809,11.89789479,11.89789479,0.537003382,58.27279773,12.26277383,0.236430857,38.46051792,0.105236726,0.017752716,0.017840788,8.835336614,0.582675322,1.145571099,1.145571099,38.99058682,10.7446874,0.096877621,-2.106323191,0.066816532,nan,nan,nan,nan,0.812049456,1.715148243,76.48070394,77.10073386,0,0,0,1,0,0
