data-tables/edge_califa.csv
# %ECSV 1.0,,,,,,,,,,,,,,,,,,,,,,,,,,,,,,,,,,,,,,,,,
# ---,,,,,,,,,,,,,,,,,,,,,,,,,,,,,,,,,,,,,,,,,
# datatype:,,,,,,,,,,,,,,,,,,,,,,,,,,,,,,,,,,,,,,,,,
# - {name: ID, datatype: int64, description: CALIFA ID},,,,,,,,,,,,,,,,,,,,,,,,,,,,,,,,,,,,,,,
# - {name: Name, datatype: string, description: CALIFA Name},,,,,,,,,,,,,,,,,,,,,,,,,,,,,,,,,,,,,,,
# - {name: caSu, unit: mag, datatype: float64, description: SDSS u magnitude from col 4 in get_mag_cubes_v2.2.csv. From CALIFA synthetic,,,,,,,,,,,,,,,,,,,,,,,,,,,,,,,,,,,,,,
#     photometry corrected for foreground extinction},,,,,,,,,,,,,,,,,,,,,,,,,,,,,,,,,,,,,,,,,
# - {name: caSg, unit: mag, datatype: float64, description: SDSS g magnitude from col 8 in get_mag_cubes_v2.2.csv. From CALIFA synthetic,,,,,,,,,,,,,,,,,,,,,,,,,,,,,,,,,,,,,,
#     photometry corrected for foreground extinction},,,,,,,,,,,,,,,,,,,,,,,,,,,,,,,,,,,,,,,,,
# - {name: caSr, unit: mag, datatype: float64, description: SDSS r magnitude from col 12 in get_mag_cubes_v2.2.csv. From CALIFA synthetic,,,,,,,,,,,,,,,,,,,,,,,,,,,,,,,,,,,,,,
#     photometry corrected for foreground extinction},,,,,,,,,,,,,,,,,,,,,,,,,,,,,,,,,,,,,,,,,
# - {name: caSi, unit: mag, datatype: float64, description: SDSS i magnitude from col 16 in get_mag_cubes_v2.2.csv. From CALIFA synthetic,,,,,,,,,,,,,,,,,,,,,,,,,,,,,,,,,,,,,,
#     photometry corrected for foreground extinction},,,,,,,,,,,,,,,,,,,,,,,,,,,,,,,,,,,,,,,,,
# - {name: caB, unit: mag, datatype: float64, description: B magnitude from col 20 in get_mag_cubes_v2.2.csv. From CALIFA synthetic photometry,,,,,,,,,,,,,,,,,,,,,,,,,,,,,,,,,,,,,,
#     corrected for foreground extinction},,,,,,,,,,,,,,,,,,,,,,,,,,,,,,,,,,,,,,,,,
# - {name: caV, unit: mag, datatype: float64, description: V magnitude from col 24 in get_mag_cubes_v2.2.csv. From CALIFA synthetic photometry,,,,,,,,,,,,,,,,,,,,,,,,,,,,,,,,,,,,,,
#     corrected for foreground extinction},,,,,,,,,,,,,,,,,,,,,,,,,,,,,,,,,,,,,,,,,
# - {name: caR, unit: mag, datatype: float64, description: R magnitude from col 28 in get_mag_cubes_v2.2.csv. From CALIFA synthetic photometry,,,,,,,,,,,,,,,,,,,,,,,,,,,,,,,,,,,,,,
#     corrected for foreground extinction},,,,,,,,,,,,,,,,,,,,,,,,,,,,,,,,,,,,,,,,,
# - {name: caRe, unit: arcsec, datatype: float64, description: Equivalent radius Re from col 34 in get_mag_cubes_v2.2.csv},,,,,,,,,,,,,,,,,,,,,,,,,,,,,,,,,,,,,,
# - {name: caeRe, unit: arcsec, datatype: float64, description: Error in equivalent radius from col 35 in get_mag_cubes_v2.2.csv},,,,,,,,,,,,,,,,,,,,,,,,,,,,,,,,,,,,,,
# - {name: caEllipticity, datatype: float64, description: Ellipticity sqrt(1-b^2/a^2) from col 38 in get_mag_cubes_v2.2.csv},,,,,,,,,,,,,,,,,,,,,,,,,,,,,,,,,,,,,,,
# - {name: caPA, unit: deg, datatype: float64, description: PA from col 39 in get_mag_cubes_v2.2.csv},,,,,,,,,,,,,,,,,,,,,,,,,,,,,,,,,,,,,,
# - {name: caR50, unit: arcsec, datatype: float64, description: R50 from col 40 in get_mag_cubes_v2.2.csv},,,,,,,,,,,,,,,,,,,,,,,,,,,,,,,,,,,,,,
# - {name: caeR50, unit: arcsec, datatype: float64, description: Error in R50 from col 41 in get_mag_cubes_v2.2.csv},,,,,,,,,,,,,,,,,,,,,,,,,,,,,,,,,,,,,,
# - {name: caR90, unit: arcsec, datatype: float64, description: R90 from col 42 in get_mag_cubes_v2.2.csv},,,,,,,,,,,,,,,,,,,,,,,,,,,,,,,,,,,,,,
[...]
# - {name: caFlgWav5, datatype: float64, description: Flag (-1/0/1/2=NA/good/minor/bad) for wavelength calibration V500},,,,,,,,,,,,,,,,,,,,,,,,,,,,,,,,,,,,,,,
# - {name: caFlgWav12, datatype: float64, description: Flag (-1/0/1/2=NA/good/minor/bad) for wavelength calibration V1200},,,,,,,,,,,,,,,,,,,,,,,,,,,,,,,,,,,,,,,
# - {name: caFlgReg5, datatype: float64, description: Flag (-1/0/1/2=NA/good/minor/bad) for 2D registration rel to SDSS V500},,,,,,,,,,,,,,,,,,,,,,,,,,,,,,,,,,,,,,,
# - {name: caFlgReg12, datatype: float64, description: Flag (-1/0/1/2=NA/good/minor/bad) for 2D registration rel to SDSS V1200},,,,,,,,,,,,,,,,,,,,,,,,,,,,,,,,,,,,,,,
# - {name: caFlgImg5, datatype: float64, description: Flag (-1/0/1/2=NA/good/minor/bad) for reconstructed image quality V500},,,,,,,,,,,,,,,,,,,,,,,,,,,,,,,,,,,,,,,
# - {name: caFlgImg12, datatype: float64, description: Flag (-1/0/1/2=NA/good/minor/bad) for reconstructed image quality V1200},,,,,,,,,,,,,,,,,,,,,,,,,,,,,,,,,,,,,,,
# delimiter: ',',,,,,,,,,,,,,,,,,,,,,,,,,,,,,,,,,,,,,,,,
# meta: !!omap,,,,,,,,,,,,,,,,,,,,,,,,,,,,,,,,,,,,,,,,,
# - {date: '2023-12-25'},,,,,,,,,,,,,,,,,,,,,,,,,,,,,,,,,,,,,,,,,
# - {comments: Galaxy properties determined from CALIFA},,,,,,,,,,,,,,,,,,,,,,,,,,,,,,,,,,,,,,,,,
# schema: astropy-2.0,,,,,,,,,,,,,,,,,,,,,,,,,,,,,,,,,,,,,,,,,
ID,Name,caSu,caSg,caSr,caSi,caB,caV,caR,caRe,caeRe,caEllipticity,caPA,caR50,caeR50,caR90,caeR90,cazgas,cazstars,caAge,caeAge,caFHa,caFHacorr,caLHacorr,caMstars,caeMstars,caSFR,caeSFR,caOH,caeOH,caAvgas,caeAvgas,caAvstars,caeAvstars,caDistP3d,caDistMpc,caFlgWav5,caFlgWav12,caFlgReg5,caFlgReg12,caFlgImg5,caFlgImg12
[from data line 344]
741,NGC5616,15.88185204,14.521103,13.83377923,13.47353046,14.7982587,14.16371937,13.75302623,15.80340747,15.80340747,0.986985368,68.06481998,20.76708419,0.635668688,44.90180366,0.006809229,0.027992515,0.02809567,9.007395122,0.308948851,3.224059026,3.775686817,42.0187879,11.29152604,0.095280601,0.921877889,0.05998933,8.501142505,0.072988334,1.970979203,0.221489828,0.509261767,1.065685868,120.9468488,122.5372314,0,nan,0,nan,0,nan
742,NGC5610,15.20314361,13.94113423,13.36413519,13.06716126,14.17944408,13.64236863,13.30343277,17.38935104,17.38935104,0.949421813,-3.35381884,19.6445391,0.568130794,37.04398802,0.512548981,0.016808292,0.016847945,8.969648833,0.227214571,3.552389205,3.908702537,41.70179069,10.82888282,0.091580728,0.604880676,0.058558675,8.476693981,0.070745199,1.143996436,0.125763399,0.26631432,0.817618391,72.04238652,72.94544598,0,nan,0,nan,0,nan
743,NGC5622,15.51711129,14.36371815,13.83713216,13.54492521,14.57679179,14.08806356,13.77953102,19.17326431,19.17326431,0.86025104,-6.94755998,20.76708419,0.446187021,40.97289584,0.385827245,0.012894064,0.012803157,8.924253009,0.265608891,3.362536394,3.519947117,41.07562852,10.33561559,0.084945821,-0.021281494,0.058548581,8.487011648,0.090726472,0.737790648,0.094844427,0.16131935,0.498305358,54.81314438,55.78754783,0,nan,1,nan,0,nan
744,NGC5631,14.3819459,12.63522377,11.97441011,11.63954922,12.95982009,12.26732751,11.90418172,12.73983438,12.73983438,0.565956193,39.42831844,15.60716669,2.36093653,42.3623096,1.326902846,0.006242599,0.006468417,9.645316382,0.126395171,2.818160227,3.172668164,40.12763204,10.54272886,0.076499445,-0.969277969,0.053740867,nan,nan,nan,nan,0.027562455,0.566261318,27.44896381,26.86832215,0,0,0,1,0,0
745,UGC09253,15.93737347,14.95462739,14.4702936,14.21667831,15.14896599,14.71314932,14.42108659,19.47767008,19.47767008,0.965838913,-44.24962297,20.90027561,0.377795983,42.93029584,0.159620923,0.013009351,0.012738254,8.798957958,0.311003728,3.176416819,3.431705782,40.9813099,10.05620045,0.093771,-0.115600109,0.059832894,8.411197782,0.06825111,1.039531826,0.098470686,0.398714919,0.807278981,54.43097032,56.29142852,0,nan,1,nan,0,nan
746,NGC5623,15.23216166,13.42963939,12.74669806,12.39344502,13.76269818,13.05046416,12.67261971,11.65586306,11.65586306,0.78426542,-63.74796459,13.93497026,0.388723465,39.57531554,0.32454817,0.011253074,0.011330188,9.650456729,0.185328858,2.562726504,2.649138508,40.08977431,10.7582534,0.089571915,-1.007135706,0.051519533,nan,nan,nan,nan,0.004486289,0.178939316,48.01333956,48.6250442,0,nan,0,nan,0,nan
747,UGC09262,16.71692139,15.44866932,14.62914639,14.29736109,15.76312562,15.02126581,14.54836393,15.75237134,15.75237134,0.986900138,-38.83254361,15.25155247,0.421479294,55.35748674,0.034910506,0.02815119,0.027758594,9.180688093,0.335601807,3.055293979,3.599640068,41.89051851,11.14614754,0.086828191,0.793608497,0.063561943,8.466802971,0.068915995,1.365077595,0.155231517,1.278723726,1.881648256,119.7053143,123.2468129,0,nan,-1,nan,1,nan
748,NGC5633,14.19253606,13.17368272,12.66966929,12.42817243,13.36306291,12.92573515,12.62292547,19.0872099,19.0872099,0.751253384,-75.7195111,17.27936312,1.557113495,36.23092268,0.640841683,0.007767722,0.007792989,8.895255829,0.236325411,3.91736447,4.243098888,41.35907571,10.27288044,0.090766487,0.262165695,0.058880156,8.538156552,0.079424528,1.116276041,0.052489588,0.231766601,0.766562119,33.03942075,33.47277764,0,0,0,0,0,0
749,NGC5630,14.52924553,14.00745949,13.70386922,13.56402454,14.12945835,13.89165798,13.68211608,20.29918374,20.29918374,0.921111772,2.59645668,20.06635718,1.123243567,41.80491078,0.493863693,0.008921576,0.008978598,8.430685312,0.317140288,3.853447566,3.963007403,41.20238168,9.779460712,0.086917328,0.105471671,0.058626223,8.340899477,0.066723389,0.447929516,0.077450871,0.170529569,0.455235285,38.08300024,38.47995217,0,0,1,1,0,0
750,NGC5635,15.30555812,13.53099954,12.76785847,12.39432932,13.88046619,13.11517772,12.68516702,15.16822756,15.16822756,0.787215607,-25.68758269,18.95155956,1.647166825,43.47710722,1.036159015,0.014292242,0.014320023,9.473428988,0.24539465,3.20783537,3.56876668,41.21816211,11.06866901,0.093940947,0.121252101,0.056069677,8.475927036,0.065421356,1.381570431,0.137537768,0.132490682,0.64563866,61.05788157,61.90457286,0,nan,0,nan,0,nan
751,UGC09291,15.60458356,14.61146806,14.1780644,13.95612727,14.79423241,14.38279193,14.14073056,25.387977,25.387977,0.847216839,14.10484626,26.19774409,0.687933572,45.14930365,0.281349824,0.009626111,0.009636617,8.792231764,0.311659642,3.400622147,3.489424261,40.79226711,9.957460313,0.090867313,-0.304642902,0.057313586,8.449185961,0.092834007,0.495324093,0.146609254,0.07034228,0.350114221,40.96995058,41.54173282,0,nan,0,nan,0,nan
752,NGC5642,15.03383002,13.30387496,12.66379836,12.3420355,13.62166853,12.9465807,12.59986543,11.48174488,11.48174488,0.49218218,26.10999258,12.4271909,0.079677786,38.41131733,0.790168512,0.014305405,0.014381368,9.368448374,0.359733473,1.850041497,1.850041497,39.50463674,10.99038377,0.094311446,-1.592273277,0.058399219,nan,nan,nan,nan,0.127595345,0.837568578,61.42450065,61.96222461,0,nan,-1,nan,1,nan
753,NGC5656,14.43330781,13.22172554,12.67664736,12.39317401,13.4466835,12.93980316,12.62009969,16.11306962,16.11306962,0.747305733,-39.40625996,17.96072146,2.46259309,39.85035075,0.555737986,0.01054399,0.010515801,8.942485165,0.238678944,3.83949058,4.142007161,41.52300132,10.63937252,0.081548996,0.426091302,0.058354492,8.494448174,0.080162872,1.210491802,0.072063459,0.177914746,0.806103009,44.82714629,45.53570243,0,nan,0,nan,0,nan
754,NGC5657,15.45231629,14.20410393,13.57485353,13.26392472,14.4598314,13.88047519,13.50794003,13.7745794,13.7745794,0.812783475,-83.32863135,13.55693553,0.16700225,40.67080659,0.30127028,0.012956451,0.012929221,8.990109942,0.300978778,3.394868697,3.810219179,41.37187013,10.49535561,0.104181382,0.274960121,0.060576751,8.451563869,0.082453554,1.24544577,0.135228244,0.272159525,0.917667396,55.19115623,56.06021118,0,0,1,1,0,0
755,NGC5659,15.82802872,14.49797921,13.85679939,13.53079327,14.75609584,14.16154944,13.78747342,16.65318378,16.65318378,0.954492393,-46.52174574,18.39416075,0.508678962,41.24751197,0.08797802,0.014946739,0.015010087,9.068658161,0.283738491,3.072620015,3.453390263,41.14321514,10.59667644,0.09861313,0.046305129,0.059595884,8.535131954,0.08040341,1.396634619,0.134321826,0.393270295,0.981057504,63.96706941,64.77251883,0,nan,0,nan,0,nan
756,NGC5665,13.91599316,13.1918069,12.78111417,12.59892726,13.31629991,13.0372033,12.74164341,21.4898512,21.4898512,0.343123306,88.04887687,21.73855361,3.081185127,42.91970841,0.667193325,0.007457406,0.007436185,8.901576021,0.217250599,4.200751401,4.482505409,41.55996528,10.17680635,0.079814352,0.463055265,0.058614387,8.544830885,0.051306149,0.811458995,0.098118906,0.19632061,0.930885544,31.60632119,32.12769178,0,nan,0,nan,0,nan
757,NGC5675,15.28752686,13.75193232,13.02777802,12.63758669,14.05788062,13.37207882,12.93887442,16.69363822,16.69363822,0.899805922,44.11038992,18.52199401,1.698530285,43.21798602,0.707038793,0.013024484,0.013105586,9.27866406,0.294138776,3.189672986,4.433615143,42.00302972,10.97122211,0.092733707,0.906119704,0.059135916,nan,nan,nan,nan,0.253134991,1.239508491,55.68667688,56.35757924,0,nan,0,nan,0,nan
758,NGC5682,15.50897677,14.90146938,14.51923143,14.34275607,15.056662,14.73575805,14.48568187,18.09952623,18.09952623,0.955319373,30.95018425,19.08326656,0.209141314,44.34053112,0.054340682,0.00757029,0.007815492,8.627156936,0.411158551,3.400507342,3.540936169,40.65444135,9.406940145,0.090798764,-0.442468666,0.059506095,8.3780935,0.080933429,0.323949293,0.087803318,0.248131021,0.524264121,32.945538,32.61691859,0,0,0,1,0,0
759,NGC5687,14.96875231,13.14621271,12.49049779,12.12284235,13.46840613,12.78438045,12.41257914,14.38803793,14.38803793,0.738266401,8.87522126,16.94616941,1.762776475,46.88440204,1.463411715,0.006891096,0.007243273,9.216317661,0.684059468,2.196438558,2.196438558,39.25060412,10.59385435,0.091954032,-1.846305898,0.059023563,nan,nan,nan,nan,0.255245305,1.225620629,30.76995021,29.67467194,0,-1,-1,-1,1,2
760,NGC5689,14.46804798,12.69839756,11.98368121,11.6307834,13.03618092,12.30394459,11.90697157,14.01753555,14.01753555,0.832911796,3.930129536,15.60716669,2.075385934,39.57531554,1.109304951,0.00714122,0.00738112,9.523289003,0.293758152,2.60013553,3.035905721,40.10670783,10.73656784,0.085213741,-0.990202182,0.057165925,nan,nan,nan,nan,0.112168999,0.493358069,31.36498397,30.75783654,0,nan,0,nan,0,nan
761,NGC5684,15.36135822,13.7357415,13.08008376,12.73809252,14.04745949,13.3753062,13.00893938,12.87548692,12.87548692,0.61823833,19.82384978,16.27690383,0.392360945,42.65671348,0.82796891,0.013609489,0.013650985,9.657992811,0.208516488,2.427375662,2.495160625,40.10489037,10.84563675,0.102135408,-0.99201964,0.057439256,nan,nan,nan,nan,0.075408398,0.649078106,58.33227153,58.91588356,0,nan,0,nan,0,nan
762,UGC09401,15.55605801,13.92494598,13.23087932,12.86773276,14.24102397,13.55429941,13.15154747,13.82139487,13.82139487,0.914897205,-8.35177885,15.60716669,1.461717266,37.3457203,0.062576055,0.018683595,0.018787336,9.243138429,0.437832682,3.01056419,3.309542816,41.19606834,11.10204195,0.099962794,0.099158329,0.058979538,8.558365442,0.072559577,1.359652017,0.175024998,0.315499157,0.911422638,80.22445554,81.20228383,0,nan,0,nan,0,nan
763,NGC5714,15.79416629,14.55737229,13.88684615,13.52497602,14.82637034,14.2111815,13.80408194,18.03896971,18.03896971,0.987220993,-8.097453294,21.88962928,0.166840088,46.5856213,0.137766098,0.007451253,0.007472599,8.831600954,0.30162884,3.290170365,3.655768671,40.73550429,10.07207437,0.091821916,-0.361405718,0.058280409,8.49717715,0.079015113,0.898233697,0.173526037,0.595571486,0.98424241,31.68924025,32.10103035,0,nan,1,nan,0,nan
764,NGC5720,16.09601287,14.48925578,13.82919139,13.51343128,14.80465861,14.11970416,13.76273903,14.82123042,14.82123042,0.538621306,23.69515644,19.50895837,0.24433455,41.80491078,0.254121583,0.025872923,0.025839899,9.130897677,0.335830206,2.991054645,3.232442757,41.4043474,11.09419179,0.09902738,0.307437387,0.06185946,8.503190886,0.098032072,1.543913519,0.294860553,0.22921738,0.506362478,111.4285134,113.0746452,0,0,1,0,1,0
765,UGC09448,16.23491058,15.2577073,14.6606695,14.26186667,15.48030548,14.94874201,14.57331022,15.35575432,15.35575432,0.984276854,-3.316264709,16.83817637,0.163610085,38.72780566,0.016631026,0.007282374,0.007477415,8.933717289,0.34457528,2.801514765,3.011042432,40.08297103,9.549988608,0.104757162,-1.013938984,0.059592025,8.446799454,0.087350019,0.983534686,0.182090282,0.585973708,1.126837345,31.40568813,31.36929605,0,nan,0,nan,0,nan
766,NGC5730,15.75045308,14.87172721,14.34124429,14.05214511,15.0628252,14.62228392,14.27905224,19.90359701,19.90359701,0.970161037,-0.30939826,21.88962928,0.080819065,44.90180366,0.098271934,0.008410074,0.008458577,8.753429037,0.256588517,3.477029702,3.750277348,40.93589892,9.829447803,0.09158034,-0.161011096,0.0573476,8.39941887,0.077767403,0.765392032,0.104155593,0.315778815,0.941985334,35.79767326,36.25916469,1,nan,0,nan,0,nan
767,NGC5731,14.95484457,14.33480108,14.04647148,13.89706811,14.47143331,14.21223948,14.02622417,15.20337621,15.20337621,0.942441024,24.40303258,14.59308619,0.479528872,33.67635275,0.141306719,0.008337387,0.00864741,8.39185563,0.460653862,3.535024321,3.605959534,40.81304719,9.434883657,0.108878415,-0.283862825,0.057473194,8.329733609,0.088623811,0.345195204,0.055254438,0.182465827,0.434171487,36.69339043,35.94372466,0,nan,0,nan,0,nan
768,NGC5732,15.35246857,14.46280997,14.01756117,13.7891791,14.63052829,14.23690859,13.977322,17.08642626,17.08642626,0.806381505,-47.80790215,17.39944892,0.20269787,38.72780566,0.185392493,0.01248239,0.012382027,8.712993264,0.293400991,3.37560267,3.569064974,41.09571817,10.11084468,0.100890199,-0.001191847,0.059472609,8.44289497,0.088861226,0.671574371,0.072034579,0.196724267,0.578403837,53.01156324,53.9889892,0,0,0,-1,0,1
769,UGC09476,15.31866211,14.31294404,13.82997755,13.57387368,14.51281521,14.06572947,13.78089879,23.77755836,23.77755836,0.721269048,36.1440854,25.64034528,2.045404716,43.47710722,0.648796743,0.010793259,0.010652411,8.912822688,0.205189045,3.568252632,3.816809444,41.21405363,10.26928409,0.097664857,0.117143617,0.060014791,8.506752915,0.066300051,0.755494023,0.113302571,0.228241069,0.749342494,45.67369088,46.62133307,0,0,0,0,0,0
770,NGC5739,15.22397967,13.4367345,12.69107293,12.35186194,13.79624613,13.02074344,12.61942868,14.00335451,14.00335451,0.738106517,-59.37036967,18.52199401,0.976192932,42.65671348,1.141431528,0.018042443,0.018400205,9.672643623,0.156643048,2.953310423,3.610953156,41.48227096,11.34982531,0.084446236,0.385360948,0.055525452,nan,nan,nan,nan,0.045410084,0.640807407,78.83206766,78.37667808,0,nan,0,nan,0,nan
771,NGC5735,15.61776294,14.34320898,13.77508526,13.49044626,14.59431338,14.03260607,13.72100206,22.5046043,22.5046043,0.716772951,14.98679383,26.9410822,1.637882346,46.02434875,0.477688198,0.012448227,0.012459695,9.013628676,0.29343775,3.491324271,3.598615711,41.12698328,10.49659631,0.083104218,0.030073266,0.057177297,8.506417227,0.093655264,0.528999012,0.125449398,0.091482184,0.659027177,53.11629806,53.83978455,0,nan,0,nan,0,nan
772,UGC09492,16.0112757,14.36794707,13.70526555,13.37250516,14.68744497,14.00317766,13.63423711,13.12148122,13.12148122,0.813209939,-15.11261094,14.59308619,0.455886665,40.41162329,0.260407203,0.02748607,0.027680295,9.433194988,0.217750908,2.255950362,2.408810959,40.64109506,11.14744632,0.096865223,-0.455814949,0.06004031,nan,nan,nan,nan,0.109002317,0.669823318,119.4499763,120.2735684,0,nan,1,nan,1,nan
773,UGC09518,15.6555406,13.93079072,13.26884165,12.977179,14.25933844,13.55584612,13.20730865,10.85759447,10.85759447,0.590596348,82.96453007,11.29744627,0.147643062,38.41131733,0.603485572,0.028912643,0.029167487,9.579742349,0.153423687,1.620653981,1.620653981,39.89987757,11.28365247,0.096920631,-1.197032445,0.05832764,nan,nan,nan,nan,0.058247069,0.474504643,126.0827896,126.6542981,0,nan,0,nan,0,nan
774,UGC09537,15.94338515,14.45330611,13.78796979,13.47099552,14.77078378,14.06937668,13.7218616,13.51897118,13.51897118,0.936868008,48.68028169,15.60716669,0.535112791,42.3623096,0.182905893,0.029334706,0.029149077,9.119846023,0.347101477,2.880365868,3.124795475,41.40171745,11.16384544,0.092439704,0.304807441,0.060980763,8.445497325,0.095685457,1.156610089,0.318104471,0.277414273,0.631174349,125.7491344,128.5446808,0,0,0,1,0,0
775,UGC09542,16.03867347,14.99102938,14.39645486,14.08460154,15.24289004,14.67498174,14.33232207,18.83997593,18.83997593,0.972459207,-56.18356187,20.20581165,0.020081182,42.65671348,0.051039858,0.018224091,0.018297401,8.796593721,0.414910156,3.121468986,3.47641861,41.34088036,10.57528506,0.099399366,0.243970345,0.059599844,8.43296171,0.096460859,1.445525941,0.127171816,0.427210181,0.972941428,78.21226964,79.17693522,0,0,0,0,0,0
776,UGC09539,15.74048538,14.16090103,13.57139127,13.2751638,14.46099788,13.82160801,13.5150461,10.0914354,10.0914354,0.939136191,-26.10344708,7.343340078,0.952883281,30.50310494,0.235910239,0.021154451,0.021153553,9.211943225,0.349711338,1.566134603,1.566134603,39.56047731,10.81684089,0.092484269,-1.536432704,0.056412595,nan,nan,nan,nan,0.05447634,0.233054637,90.82708328,92.11732137,0,nan,-1,nan,1,nan
777,NGC5772,15.26982863,13.69242487,13.0590001,12.74570179,13.99003049,13.34346537,12.99645942,13.5440649,13.5440649,0.650671986,-50.7848554,18.95155956,1.324871033,42.3623096,0.693747774,0.016276109,0.016300576,9.260303206,0.27688213,3.270087885,3.526999627,41.29076441,10.97891022,0.087212928,0.193854392,0.057137299,8.533610326,0.081059137,1.084220041,0.104858379,0.074375795,0.392858403,69.65084731,70.60657921,0,nan,1,nan,0,nan
